org_id remap_id
6256 0
25201 1
20386 2
775 3
362 4
10608 5
26007 6
10167 7
2376 8
27 9
9792 10
1863 11
13677 12
7192 13
115 14
37220 15
32712 16
1398 17
11559 18
9808 19
15089 20
20367 21
3191 22
21587 23
33150 24
10997 25
1166 26
1213 27
54837 28
39158 29
112 30
1538 31
10733 32
18375 33
18036 34
1604 35
16224 36
2559 37
22739 38
10824 39
5724 40
92 41
71 42
962 43
8312 44
7426 45
38486 46
9454 47
1208 48
4547 49
24658 50
15554 51
295 52
86 53
12134 54
14136 55
1163 56
1180 57
10957 58
21589 59
25488 60
8141 61
31517 62
2343 63
22767 64
61 65
1004 66
2149 67
1170 68
7155 69
6304 70
1179 71
3516 72
48790 73
8588 74
1587 75
44226 76
1148 77
19982 78
54523 79
11678 80
4768 81
1546 82
57621 83
17403 84
18460 85
7739 86
1794 87
1553 88
7686 89
37998 90
51 91
8572 92
417 93
8747 94
11016 95
1171 96
2453 97
12755 98
1599 99
8082 100
10983 101
49 102
1308 103
14651 104
47 105
25562 106
189 107
27095 108
918 109
6692 110
966 111
24604 112
1206 113
8063 114
19931 115
37512 116
29630 117
16466 118
55156 119
21701 120
3642 121
76 122
8295 123
9338 124
770 125
7432 126
7895 127
8410 128
6291 129
10976 130
21607 131
26288 132
985 133
6223 134
5046 135
36400 136
56886 137
14996 138
5376 139
21593 140
15575 141
4847 142
44941 143
444 144
1544 145
1868 146
2428 147
16448 148
13 149
2055 150
3344 151
6879 152
10809 153
21240 154
25 155
67 156
80 157
10691 158
10775 159
27054 160
10871 161
916 162
6801 163
419 164
7001 165
14345 166
7843 167
19870 168
75 169
22891 170
50532 171
17697 172
5758 173
21584 174
5174 175
991 176
41509 177
31769 178
570 179
1220 180
3222 181
28527 182
15589 183
19658 184
101 185
761 186
45053 187
1592 188
7379 189
17706 190
22913 191
28144 192
91 193
1321 194
1717 195
8892 196
15369 197
22907 198
912 199
11625 200
16101 201
1515 202
1525 203
4631 204
676 205
404 206
431 207
22781 208
23457 209
21800 210
46943 211
4682 212
98 213
5727 214
6954 215
11689 216
19404 217
30952 218
0 219
1095 220
1323 221
1331 222
5270 223
291 224
1510 225
1861 226
50 227
2815 228
3211 229
10972 230
11923 231
11951 232
23050 233
890 234
1394 235
6283 236
8057 237
9604 238
13827 239
378 240
1499 241
6108 242
15296 243
8602 244
11833 245
12367 246
13472 247
30 248
183 249
988 250
1005 251
4936 252
5377 253
9 254
2173 255
5180 256
27394 257
39159 258
31852 259
481 260
17892 261
3855 262
5441 263
20006 264
18115 265
32245 266
24 267
192 268
1017 269
903 270
1582 271
20648 272
28536 273
353 274
824 275
995 276
11145 277
2421 278
4012 279
9153 280
32 281
1996 282
4709 283
7928 284
12819 285
17979 286
11217 287
12244 288
10781 289
1092 290
1940 291
8068 292
10635 293
14266 294
1158 295
1139 296
1168 297
2476 298
4678 299
5155 300
5311 301
11029 302
17835 303
45052 304
14969 305
22413 306
25254 307
46823 308
40178 309
34607 310
29733 311
5296 312
5440 313
3381 314
11000 315
4762 316
20 317
56 318
83 319
9341 320
1219 321
10988 322
11975 323
1721 324
3029 325
15769 326
20237 327
28346 328
5776 329
6055 330
15301 331
18839 332
4656 333
6100 334
635 335
1524 336
1900 337
1987 338
5767 339
9673 340
25662 341
993 342
1149 343
2262 344
5429 345
43863 346
8797 347
11015 348
15110 349
11602 350
50622 351
52 352
928 353
3421 354
4844 355
10743 356
15115 357
17205 358
48792 359
30767 360
45655 361
33167 362
466 363
4687 364
45961 365
11030 366
49230 367
11025 368
21799 369
2455 370
4949 371
9567 372
1706 373
1300 374
9870 375
1185 376
446 377
10835 378
906 379
3531 380
11277 381
17200 382
24602 383
1140 384
4657 385
10661 386
13727 387
1714 388
4622 389
8088 390
10996 391
14346 392
15290 393
44169 394
2042 395
10559 396
25058 397
13026 398
14377 399
15315 400
15335 401
1309 402
2436 403
9445 404
10718 405
10752 406
51048 407
55044 408
5705 409
7870 410
57 411
3316 412
7417 413
11094 414
15350 415
427 416
1742 417
11003 418
17635 419
712 420
881 421
1333 422
5014 423
5667 424
7277 425
7469 426
9101 427
19648 428
169 429
1027 430
1500 431
10435 432
12959 433
43134 434
27038 435
12784 436
40938 437
1526 438
39562 439
8307 440
1103 441
21234 442
2240 443
27555 444
8025 445
10827 446
14979 447
48530 448
2028 449
999 450
825 451
1693 452
3719 453
6759 454
19437 455
21919 456
31657 457
44126 458
105 459
891 460
961 461
2470 462
8272 463
15673 464
26321 465
1545 466
1669 467
7434 468
14480 469
2276 470
8946 471
11946 472
22633 473
41517 474
53864 475
1572 476
1708 477
2315 478
6324 479
10481 480
15312 481
3336 482
4695 483
9327 484
1523 485
3861 486
9012 487
11743 488
11891 489
20919 490
1205 491
9130 492
12730 493
27383 494
698 495
8048 496
15897 497
18867 498
20880 499
43 500
2882 501
3784 502
12100 503
14780 504
44474 505
1124 506
1160 507
1557 508
2356 509
3419 510
11310 511
12902 512
13916 513
5 514
974 515
4890 516
57502 517
3731 518
35229 519
37274 520
8701 521
2786 522
578 523
1123 524
976 525
13212 526
29734 527
14120 528
15270 529
47436 530
54527 531
9531 532
27387 533
21801 534
6799 535
16234 536
32019 537
74 538
1820 539
3096 540
6660 541
18205 542
22541 543
52025 544
62 545
1645 546
34604 547
270 548
467 549
677 550
12321 551
12785 552
19872 553
2 554
324 555
352 556
1003 557
11970 558
17567 559
20226 560
1099 561
2397 562
7817 563
17802 564
24184 565
65 566
2058 567
2159 568
3141 569
4757 570
31901 571
57545 572
319 573
1192 574
10669 575
25967 576
35765 577
2040 578
7721 579
29009 580
2030 581
4544 582
4629 583
9104 584
10649 585
12895 586
18899 587
42964 588
43710 589
1413 590
5286 591
9804 592
40695 593
433 594
1350 595
8925 596
10774 597
13640 598
9317 599
42952 600
45032 601
27061 602
28619 603
27454 604
29492 605
56556 606
127 607
8917 608
37420 609
21813 610
35674 611
16467 612
14304 613
33386 614
33615 615
6171 616
10753 617
10357 618
22164 619
21029 620
1762 621
8608 622
1335 623
39961 624
15299 625
17832 626
2166 627
3939 628
4846 629
4988 630
10969 631
27274 632
29666 633
5021 634
11996 635
1094 636
1142 637
4665 638
6862 639
7689 640
27651 641
2374 642
2432 643
5651 644
6281 645
8755 646
11725 647
14309 648
1147 649
7266 650
1029 651
2359 652
5009 653
5271 654
8013 655
10578 656
14265 657
15719 658
41283 659
3950 660
4548 661
7941 662
9022 663
10962 664
14251 665
14294 666
15046 667
18582 668
21812 669
39155 670
6628 671
9767 672
11780 673
34225 674
12632 675
21796 676
23865 677
1326 678
5680 679
11886 680
19405 681
22353 682
24260 683
2029 684
2346 685
3762 686
8926 687
10998 688
12357 689
26124 690
37002 691
40628 692
46 693
1011 694
1605 695
3831 696
6929 697
9625 698
11818 699
22433 700
24954 701
36290 702
11874 703
5159 704
22789 705
51927 706
6447 707
11037 708
5648 709
1311 710
1212 711
18433 712
16361 713
43592 714
41376 715
717 716
2776 717
12824 718
37457 719
15418 720
56992 721
1248 722
2387 723
29329 724
33828 725
15623 726
1588 727
21304 728
26472 729
53870 730
30256 731
4046 732
11671 733
15680 734
2395 735
6350 736
413 737
41872 738
33224 739
14128 740
54 741
1498 742
2814 743
6641 744
8469 745
16091 746
19401 747
20882 748
21398 749
21757 750
24677 751
30318 752
4030 753
4663 754
7240 755
7474 756
8490 757
1097 758
3053 759
3428 760
4873 761
5752 762
11808 763
21577 764
50504 765
1107 766
1876 767
2303 768
3249 769
4995 770
7727 771
9265 772
10914 773
11031 774
11438 775
11706 776
18724 777
35847 778
2829 779
5378 780
7130 781
11893 782
29523 783
2672 784
3814 785
6269 786
10973 787
16430 788
30677 789
54861 790
1156 791
11648 792
11722 793
13679 794
18141 795
26582 796
31616 797
36585 798
46475 799
46790 800
965 801
4535 802
12569 803
14814 804
24146 805
33512 806
4984 807
13514 808
17941 809
29103 810
865 811
1707 812
4767 813
7625 814
9505 815
13087 816
17422 817
18813 818
21852 819
26035 820
208 821
887 822
4537 823
4577 824
4819 825
18944 826
21109 827
21602 828
25872 829
26922 830
27316 831
87 832
2570 833
3245 834
3680 835
3823 836
9334 837
10243 838
16095 839
27392 840
29383 841
49069 842
37446 843
1724 844
12084 845
53569 846
1178 847
38784 848
28485 849
15766 850
57542 851
3987 852
5027 853
19264 854
35831 855
11216 856
27109 857
6270 858
5470 859
49746 860
12822 861
14743 862
35702 863
109 864
27538 865
22246 866
8654 867
32306 868
56204 869
1729 870
45451 871
22786 872
16558 873
17604 874
10146 875
39537 876
42407 877
13642 878
52240 879
3930 880
12066 881
44935 882
11036 883
19380 884
29343 885
44012 886
1461 887
879 888
1244 889
3841 890
4641 891
10457 892
10909 893
2294 894
2313 895
2858 896
3770 897
3899 898
6703 899
11737 900
18893 901
20527 902
1795 903
2216 904
2282 905
7005 906
7404 907
8304 908
8845 909
10961 910
12142 911
12816 912
13935 913
14614 914
16156 915
27384 916
275 917
1033 918
1711 919
3379 920
11322 921
11816 922
11851 923
12863 924
21731 925
25220 926
34370 927
1504 928
1777 929
2046 930
2268 931
4676 932
8155 933
9801 934
11299 935
13977 936
28060 937
40322 938
48598 939
663 940
876 941
1080 942
1435 943
3469 944
5157 945
6652 946
6895 947
14410 948
18298 949
19705 950
27045 951
33531 952
69 953
486 954
898 955
2418 956
13720 957
14238 958
14529 959
19389 960
19718 961
29384 962
32132 963
37683 964
35 965
58 966
1391 967
2057 968
2378 969
2855 970
2929 971
3142 972
5644 973
9154 974
10615 975
49582 976
1559 977
2111 978
3440 979
5153 980
5850 981
6359 982
21756 983
54398 984
124 985
1387 986
1501 987
5437 988
10246 989
16450 990
54267 991
84 992
383 993
2360 994
2375 995
2836 996
3101 997
4542 998
4619 999
9126 1000
14066 1001
14124 1002
22165 1003
24314 1004
41 1005
958 1006
1393 1007
2417 1008
3327 1009
3443 1010
9111 1011
10686 1012
15821 1013
18560 1014
38611 1015
4674 1016
20953 1017
30033 1018
45661 1019
31377 1020
38164 1021
4855 1022
17683 1023
41441 1024
54612 1025
30825 1026
10256 1027
26588 1028
1234 1029
23473 1030
4051 1031
90 1032
53743 1033
14299 1034
1021 1035
11972 1036
16341 1037
13014 1038
21816 1039
52756 1040
28735 1041
15536 1042
5154 1043
15942 1044
27397 1045
48450 1046
24616 1047
2373 1048
14673 1049
39246 1050
30188 1051
57315 1052
5013 1053
4690 1054
54268 1055
28686 1056
55054 1057
39252 1058
26210 1059
35610 1060
36079 1061
2017 1062
4986 1063
5220 1064
16575 1065
57804 1066
10643 1067
24600 1068
440 1069
17588 1070
11279 1071
6875 1072
23750 1073
102 1074
2856 1075
3732 1076
6913 1077
11442 1078
15388 1079
17079 1080
23816 1081
28517 1082
41737 1083
5146 1084
7032 1085
8570 1086
9325 1087
9730 1088
10247 1089
10400 1090
11647 1091
11765 1092
11817 1093
11881 1094
11995 1095
13913 1096
17571 1097
17797 1098
20425 1099
22029 1100
30564 1101
32809 1102
658 1103
1253 1104
1700 1105
6844 1106
8297 1107
9128 1108
10974 1109
11319 1110
17435 1111
17794 1112
34023 1113
38507 1114
50513 1115
300 1116
647 1117
1143 1118
4671 1119
6260 1120
6321 1121
6586 1122
7765 1123
8222 1124
15548 1125
18798 1126
24316 1127
32174 1128
110 1129
1285 1130
3118 1131
3380 1132
6709 1133
9403 1134
10240 1135
11435 1136
11985 1137
12091 1138
12239 1139
12261 1140
17633 1141
29858 1142
7 1143
123 1144
437 1145
909 1146
1096 1147
7191 1148
9120 1149
17077 1150
22657 1151
22952 1152
66 1153
1695 1154
4662 1155
5638 1156
6301 1157
7159 1158
7223 1159
7330 1160
9304 1161
11913 1162
13825 1163
17642 1164
22121 1165
904 1166
1801 1167
2257 1168
3371 1169
7810 1170
9597 1171
11496 1172
19396 1173
33450 1174
36117 1175
46944 1176
414 1177
1106 1178
1890 1179
2208 1180
2305 1181
3126 1182
6263 1183
6588 1184
7372 1185
7986 1186
8123 1187
8240 1188
9596 1189
13932 1190
15034 1191
19409 1192
31092 1193
36437 1194
36602 1195
2893 1196
6959 1197
9172 1198
11358 1199
12867 1200
15137 1201
17070 1202
1310 1203
2844 1204
5095 1205
7826 1206
10642 1207
11024 1208
11840 1209
22945 1210
46520 1211
37 1212
182 1213
374 1214
415 1215
1539 1216
2140 1217
2385 1218
11142 1219
11429 1220
15426 1221
21859 1222
22911 1223
43297 1224
41674 1225
1579 1226
26679 1227
45631 1228
25379 1229
25887 1230
4567 1231
52087 1232
11314 1233
16348 1234
41896 1235
46002 1236
24455 1237
30731 1238
20307 1239
3339 1240
16343 1241
29097 1242
58091 1243
41487 1244
8100 1245
5801 1246
4931 1247
38988 1248
8989 1249
41480 1250
1603 1251
32147 1252
1730 1253
58186 1254
25519 1255
8075 1256
26677 1257
35327 1258
39244 1259
31864 1260
16601 1261
19215 1262
4691 1263
14163 1264
4746 1265
19888 1266
28161 1267
2449 1268
36332 1269
8689 1270
14322 1271
20984 1272
1541 1273
7783 1274
27864 1275
17638 1276
39505 1277
41454 1278
16188 1279
10281 1280
5291 1281
17491 1282
23453 1283
4867 1284
53939 1285
28514 1286
29320 1287
27744 1288
4642 1289
33846 1290
15340 1291
185 1292
8575 1293
5300 1294
15385 1295
322 1296
29095 1297
1362 1298
4889 1299
20977 1300
24962 1301
11023 1302
34605 1303
469 1304
883 1305
1108 1306
7504 1307
7971 1308
8742 1309
9449 1310
10650 1311
11198 1312
11306 1313
11655 1314
11924 1315
13084 1316
17223 1317
19424 1318
20772 1319
27983 1320
31797 1321
34702 1322
39936 1323
15 1324
758 1325
768 1326
1000 1327
1247 1328
1533 1329
1986 1330
3037 1331
3596 1332
4987 1333
5209 1334
8467 1335
8927 1336
10803 1337
15160 1338
16588 1339
19408 1340
20842 1341
22604 1342
29319 1343
29681 1344
38869 1345
51996 1346
17 1347
1315 1348
1537 1349
2179 1350
2902 1351
4591 1352
6215 1353
8303 1354
8454 1355
10622 1356
10994 1357
11087 1358
11430 1359
24103 1360
25453 1361
28678 1362
740 1363
2972 1364
4693 1365
6107 1366
7248 1367
7613 1368
8212 1369
9148 1370
13051 1371
13478 1372
29191 1373
30249 1374
971 1375
1013 1376
1948 1377
2033 1378
3223 1379
5798 1380
8276 1381
9799 1382
14798 1383
14897 1384
18897 1385
19406 1386
20740 1387
22573 1388
25240 1389
31838 1390
49220 1391
563 1392
908 1393
1307 1394
3399 1395
4672 1396
8753 1397
9007 1398
9318 1399
10376 1400
10413 1401
11265 1402
11904 1403
13221 1404
16593 1405
17393 1406
17573 1407
28035 1408
634 1409
641 1410
945 1411
1177 1412
2059 1413
2236 1414
2424 1415
4854 1416
5803 1417
6121 1418
8054 1419
9471 1420
10625 1421
15558 1422
19892 1423
35582 1424
1899 1425
2218 1426
3739 1427
9141 1428
9326 1429
11019 1430
12352 1431
12898 1432
14134 1433
15297 1434
19168 1435
24952 1436
26686 1437
28223 1438
39959 1439
54856 1440
1937 1441
2004 1442
2287 1443
4993 1444
6230 1445
6964 1446
10655 1447
10690 1448
11014 1449
11774 1450
14059 1451
18220 1452
18820 1453
33982 1454
46321 1455
576 1456
6637 1457
7387 1458
10665 1459
12065 1460
15370 1461
15375 1462
15909 1463
19378 1464
22034 1465
23265 1466
28428 1467
44337 1468
49443 1469
1165 1470
1397 1471
1703 1472
1771 1473
2171 1474
2265 1475
4771 1476
5025 1477
8408 1478
10365 1479
10820 1480
13550 1481
15341 1482
18006 1483
26971 1484
40369 1485
306 1486
969 1487
1319 1488
2816 1489
2968 1490
7217 1491
8909 1492
9152 1493
11312 1494
11456 1495
16428 1496
30167 1497
40226 1498
8853 1499
39020 1500
8393 1501
3905 1502
29862 1503
25185 1504
45715 1505
11033 1506
17327 1507
11243 1508
32685 1509
13456 1510
32273 1511
44799 1512
5743 1513
50882 1514
19052 1515
9888 1516
2494 1517
5424 1518
20132 1519
82 1520
1580 1521
5269 1522
2406 1523
15391 1524
42690 1525
10748 1526
8631 1527
36107 1528
10429 1529
21823 1530
31089 1531
21837 1532
9175 1533
30027 1534
8949 1535
1190 1536
37928 1537
17143 1538
16453 1539
20663 1540
19849 1541
30548 1542
8369 1543
8992 1544
13024 1545
16087 1546
22000 1547
32107 1548
15550 1549
47730 1550
3400 1551
3697 1552
20742 1553
24178 1554
20229 1555
13820 1556
33499 1557
505 1558
18462 1559
4320 1560
15411 1561
17710 1562
9646 1563
12121 1564
175 1565
32727 1566
10324 1567
19394 1568
11550 1569
36462 1570
18411 1571
28347 1572
5450 1573
14855 1574
8799 1575
27408 1576
11174 1577
243 1578
17629 1579
6968 1580
12435 1581
17804 1582
21827 1583
33582 1584
11091 1585
2773 1586
2544 1587
18197 1588
30518 1589
44567 1590
47607 1591
26230 1592
32047 1593
8236 1594
21797 1595
55693 1596
11180 1597
20848 1598
12887 1599
29575 1600
3388 1601
13035 1602
8439 1603
1951 1604
3080 1605
3236 1606
3259 1607
3394 1608
3889 1609
7556 1610
10279 1611
10749 1612
11636 1613
36 1614
42 1615
253 1616
599 1617
696 1618
896 1619
1150 1620
1782 1621
1999 1622
2227 1623
2278 1624
3376 1625
3788 1626
3846 1627
5781 1628
9187 1629
9661 1630
18575 1631
20881 1632
23282 1633
68 1634
1451 1635
1562 1636
3036 1637
7125 1638
9041 1639
10375 1640
10556 1641
11288 1642
12053 1643
13854 1644
15537 1645
16089 1646
16301 1647
16500 1648
17308 1649
20028 1650
21172 1651
23752 1652
30777 1653
31658 1654
1072 1655
1199 1656
1242 1657
1570 1658
1696 1659
1874 1660
2090 1661
6847 1662
10341 1663
10423 1664
11278 1665
12387 1666
12856 1667
17907 1668
19617 1669
34529 1670
88 1671
553 1672
3073 1673
5165 1674
7710 1675
11296 1676
12893 1677
15576 1678
17253 1679
23079 1680
24079 1681
27527 1682
45810 1683
1709 1684
1786 1685
6085 1686
9239 1687
12796 1688
14484 1689
15303 1690
22291 1691
34398 1692
35330 1693
34 1694
667 1695
1776 1696
1879 1697
2035 1698
3663 1699
4977 1700
5575 1701
8228 1702
8840 1703
9310 1704
9444 1705
10978 1706
11717 1707
11912 1708
16635 1709
21876 1710
23725 1711
1458 1712
3702 1713
3715 1714
5161 1715
5425 1716
7774 1717
8258 1718
13030 1719
13335 1720
15284 1721
15287 1722
15672 1723
17437 1724
31348 1725
552 1726
2175 1727
2316 1728
3511 1729
6948 1730
7322 1731
9244 1732
10964 1733
11421 1734
23893 1735
25494 1736
29673 1737
31303 1738
55523 1739
1924 1740
2477 1741
2832 1742
2861 1743
2995 1744
4670 1745
7487 1746
10031 1747
11653 1748
14125 1749
17943 1750
19981 1751
20697 1752
25715 1753
29239 1754
37811 1755
42201 1756
628 1757
1886 1758
1962 1759
3180 1760
7905 1761
8024 1762
8921 1763
12883 1764
15717 1765
17995 1766
19372 1767
22049 1768
26508 1769
33176 1770
125 1771
195 1772
1087 1773
2945 1774
3294 1775
3341 1776
7758 1777
8973 1778
10971 1779
11538 1780
12574 1781
18340 1782
19399 1783
30258 1784
36364 1785
44871 1786
49190 1787
31347 1788
13726 1789
26513 1790
20792 1791
32426 1792
1414 1793
4717 1794
9340 1795
14038 1796
56528 1797
36618 1798
20433 1799
1016 1800
26673 1801
45210 1802
29266 1803
36638 1804
7431 1805
10061 1806
7498 1807
57504 1808
26846 1809
18546 1810
28699 1811
29491 1812
16728 1813
41262 1814
19182 1815
8970 1816
2534 1817
20779 1818
6556 1819
31475 1820
1710 1821
13840 1822
50460 1823
17833 1824
22973 1825
332 1826
24608 1827
17984 1828
4778 1829
24515 1830
394 1831
26190 1832
16249 1833
36258 1834
15361 1835
9069 1836
9826 1837
17552 1838
1271 1839
10763 1840
52234 1841
19385 1842
22909 1843
16260 1844
39802 1845
6746 1846
9286 1847
34248 1848
23263 1849
11685 1850
8069 1851
2510 1852
12042 1853
2655 1854
25882 1855
43881 1856
14885 1857
35146 1858
42231 1859
3886 1860
52896 1861
1516 1862
99 1863
24582 1864
11720 1865
20353 1866
2613 1867
55467 1868
9277 1869
36173 1870
39828 1871
57807 1872
425 1873
16092 1874
40943 1875
79 1876
17621 1877
15093 1878
19462 1879
32085 1880
10388 1881
2634 1882
9929 1883
32822 1884
12494 1885
13793 1886
26894 1887
3897 1888
29912 1889
53359 1890
6780 1891
6995 1892
9149 1893
19257 1894
39456 1895
35673 1896
1787 1897
26676 1898
14087 1899
26320 1900
24289 1901
15324 1902
15311 1903
23393 1904
12024 1905
40785 1906
39233 1907
19499 1908
20011 1909
15655 1910
19983 1911
48090 1912
1779 1913
15337 1914
5337 1915
960 1916
1772 1917
2181 1918
2410 1919
2961 1920
5011 1921
6989 1922
7667 1923
7883 1924
8368 1925
9723 1926
12429 1927
14229 1928
14316 1929
16399 1930
18414 1931
18792 1932
21434 1933
22674 1934
28537 1935
35380 1936
36225 1937
893 1938
917 1939
1079 1940
1356 1941
1548 1942
2543 1943
3018 1944
3439 1945
6258 1946
8019 1947
8033 1948
8144 1949
8697 1950
10960 1951
21400 1952
22812 1953
29859 1954
46257 1955
255 1956
959 1957
1791 1958
1949 1959
2526 1960
3103 1961
4626 1962
6662 1963
7378 1964
7602 1965
7846 1966
9167 1967
9355 1968
11679 1969
12633 1970
16195 1971
18654 1972
22830 1973
26436 1974
28692 1975
34249 1976
910 1977
1906 1978
1971 1979
2130 1980
2822 1981
3149 1982
4700 1983
5219 1984
6713 1985
7676 1986
8898 1987
10380 1988
11005 1989
13437 1990
13789 1991
16283 1992
18774 1993
20613 1994
21732 1995
22551 1996
28539 1997
44073 1998
10 1999
60 2000
659 2001
1161 2002
3173 2003
5591 2004
6241 2005
7106 2006
7119 2007
8546 2008
8950 2009
9494 2010
9743 2011
10352 2012
12043 2013
12564 2014
12889 2015
17323 2016
21369 2017
21999 2018
34723 2019
36032 2020
43324 2021
1102 2022
1543 2023
1780 2024
1917 2025
1935 2026
3107 2027
4263 2028
5208 2029
7684 2030
9797 2031
10390 2032
11877 2033
12380 2034
12732 2035
15081 2036
15568 2037
18093 2038
23503 2039
30687 2040
35798 2041
134 2042
980 2043
2016 2044
3517 2045
3711 2046
4659 2047
5214 2048
6236 2049
7516 2050
8265 2051
9656 2052
9737 2053
10992 2054
10993 2055
12124 2056
12157 2057
14113 2058
15128 2059
16704 2060
17443 2061
22354 2062
22737 2063
25916 2064
31053 2065
35979 2066
49233 2067
55360 2068
1904 2069
2306 2070
3247 2071
7415 2072
7576 2073
8152 2074
8298 2075
11012 2076
11560 2077
11726 2078
14790 2079
15317 2080
17209 2081
18074 2082
21860 2083
22421 2084
23082 2085
29230 2086
31354 2087
38900 2088
26 2089
557 2090
2401 2091
2971 2092
3041 2093
3828 2094
5308 2095
5635 2096
7749 2097
8489 2098
8818 2099
8941 2100
10359 2101
10360 2102
11010 2103
11646 2104
19314 2105
20225 2106
22309 2107
26893 2108
31238 2109
35390 2110
38002 2111
882 2112
1905 2113
1955 2114
3242 2115
3603 2116
3673 2117
5578 2118
6217 2119
6610 2120
8266 2121
8749 2122
8940 2123
10384 2124
10986 2125
11610 2126
11617 2127
11630 2128
14588 2129
15308 2130
15320 2131
19360 2132
20920 2133
21640 2134
22344 2135
305 2136
354 2137
386 2138
1864 2139
2036 2140
2244 2141
2319 2142
3515 2143
3524 2144
3672 2145
3818 2146
5428 2147
6110 2148
6955 2149
7435 2150
7651 2151
8987 2152
11909 2153
21242 2154
21699 2155
26792 2156
28166 2157
52429 2158
53134 2159
878 2160
1511 2161
1624 2162
5820 2163
6285 2164
7218 2165
10766 2166
11918 2167
12268 2168
13142 2169
13921 2170
14907 2171
15564 2172
15714 2173
16494 2174
18002 2175
18417 2176
19695 2177
25225 2178
27676 2179
30685 2180
35730 2181
35505 2182
12990 2183
1806 2184
55961 2185
39644 2186
4692 2187
52190 2188
1666 2189
27505 2190
14277 2191
26424 2192
40583 2193
16823 2194
22787 2195
12297 2196
26277 2197
4080 2198
19049 2199
2302 2200
1135 2201
16458 2202
19337 2203
39166 2204
16722 2205
27161 2206
50140 2207
44655 2208
1804 2209
48374 2210
54630 2211
32944 2212
31912 2213
12110 2214
47406 2215
36830 2216
42629 2217
45670 2218
6939 2219
53115 2220
9610 2221
25596 2222
3727 2223
9800 2224
37751 2225
30013 2226
11013 2227
38499 2228
39950 2229
27398 2230
28555 2231
14599 2232
22782 2233
20486 2234
16207 2235
5823 2236
19647 2237
25952 2238
5751 2239
25233 2240
555 2241
46968 2242
21720 2243
28682 2244
972 2245
20093 2246
24963 2247
12790 2248
31146 2249
28059 2250
54549 2251
25502 2252
34348 2253
11021 2254
49670 2255
16271 2256
49031 2257
1041 2258
30184 2259
10980 2260
477 2261
35223 2262
26857 2263
41528 2264
45040 2265
19431 2266
31110 2267
1463 2268
41890 2269
52464 2270
29168 2271
22028 2272
41139 2273
22809 2274
42808 2275
47305 2276
38732 2277
7964 2278
34289 2279
5736 2280
31266 2281
16378 2282
42971 2283
43085 2284
25658 2285
1105 2286
51595 2287
28524 2288
3844 2289
40118 2290
27388 2291
6658 2292
7196 2293
21858 2294
5650 2295
18196 2296
39994 2297
39150 2298
2429 2299
10203 2300
19281 2301
14489 2302
51056 2303
12203 2304
20186 2305
56835 2306
2852 2307
25911 2308
15618 2309
29690 2310
34099 2311
32622 2312
2144 2313
3489 2314
13020 2315
7247 2316
38617 2317
40784 2318
6316 2319
6935 2320
11721 2321
32037 2322
9116 2323
8030 2324
6854 2325
17912 2326
30400 2327
4129 2328
1258 2329
13500 2330
217 2331
389 2332
588 2333
685 2334
716 2335
1428 2336
1918 2337
2465 2338
3350 2339
3661 2340
6174 2341
6947 2342
7916 2343
8903 2344
9117 2345
9329 2346
13507 2347
18504 2348
19370 2349
19675 2350
22377 2351
24779 2352
27085 2353
29494 2354
29867 2355
35355 2356
36853 2357
963 2358
1527 2359
1945 2360
2156 2361
2342 2362
2966 2363
2998 2364
3302 2365
4639 2366
5252 2367
5760 2368
6123 2369
6154 2370
6636 2371
8752 2372
11944 2373
12433 2374
15592 2375
17326 2376
17793 2377
18132 2378
19656 2379
21688 2380
21845 2381
22183 2382
26536 2383
28399 2384
48963 2385
51389 2386
263 2387
1144 2388
2414 2389
2880 2390
3005 2391
3084 2392
3112 2393
3324 2394
3992 2395
6804 2396
6910 2397
8564 2398
8696 2399
9918 2400
10428 2401
10714 2402
11032 2403
16530 2404
21787 2405
29846 2406
35480 2407
212 2408
1050 2409
3213 2410
3329 2411
3423 2412
6168 2413
7098 2414
7419 2415
7755 2416
8045 2417
24956 2418
26347 2419
29774 2420
52430 2421
12 2422
167 2423
727 2424
1009 2425
2015 2426
2851 2427
2862 2428
3040 2429
3658 2430
3693 2431
4013 2432
4684 2433
5199 2434
8168 2435
8451 2436
8935 2437
9700 2438
9920 2439
11490 2440
13489 2441
14054 2442
23617 2443
45545 2444
3648 2445
7844 2446
9003 2447
9574 2448
9798 2449
9989 2450
10630 2451
13443 2452
14312 2453
16153 2454
17497 2455
17801 2456
21089 2457
28805 2458
279 2459
902 2460
924 2461
2953 2462
3820 2463
3864 2464
4999 2465
5439 2466
5745 2467
6604 2468
6827 2469
8135 2470
9177 2471
9728 2472
11035 2473
11197 2474
14801 2475
15321 2476
16808 2477
18728 2478
23452 2479
26036 2480
30663 2481
33129 2482
42830 2483
47357 2484
981 2485
1207 2486
2834 2487
3403 2488
3543 2489
6329 2490
7819 2491
8621 2492
11431 2493
13117 2494
13749 2495
13834 2496
13910 2497
14933 2498
18759 2499
24751 2500
27852 2501
28605 2502
29717 2503
40361 2504
42156 2505
280 2506
473 2507
1112 2508
2025 2509
2321 2510
2808 2511
3075 2512
3401 2513
3717 2514
4857 2515
5704 2516
6206 2517
6992 2518
7459 2519
8130 2520
8956 2521
9548 2522
11183 2523
11700 2524
13816 2525
13907 2526
16270 2527
16400 2528
18140 2529
18513 2530
21963 2531
31566 2532
32265 2533
50150 2534
23 2535
293 2536
678 2537
1318 2538
1324 2539
2115 2540
2489 2541
6629 2542
7409 2543
7701 2544
12769 2545
15371 2546
16529 2547
17224 2548
34979 2549
174 2550
231 2551
2061 2552
2924 2553
5430 2554
5469 2555
6189 2556
6222 2557
7053 2558
7494 2559
7678 2560
7813 2561
8020 2562
8577 2563
9745 2564
10746 2565
10877 2566
11539 2567
11939 2568
12248 2569
14768 2570
15281 2571
17952 2572
18561 2573
18794 2574
19929 2575
21819 2576
22424 2577
27606 2578
27698 2579
30344 2580
31804 2581
37406 2582
44867 2583
11 2584
28 2585
55 2586
78 2587
2404 2588
3166 2589
4688 2590
5132 2591
6836 2592
7648 2593
7855 2594
8620 2595
8758 2596
9588 2597
10590 2598
11544 2599
11830 2600
18227 2601
21394 2602
34868 2603
37301 2604
42641 2605
46021 2606
54611 2607
41495 2608
11686 2609
579 2610
9837 2611
24804 2612
47266 2613
39178 2614
24357 2615
47404 2616
4874 2617
18931 2618
13999 2619
17570 2620
672 2621
36088 2622
41295 2623
50843 2624
14819 2625
44473 2626
23039 2627
42364 2628
31990 2629
54422 2630
22346 2631
41176 2632
13080 2633
42497 2634
49547 2635
44924 2636
15390 2637
5017 2638
713 2639
15401 2640
17838 2641
9669 2642
1627 2643
37810 2644
63 2645
10439 2646
21758 2647
45919 2648
16245 2649
18693 2650
48049 2651
9189 2652
2403 2653
47591 2654
11714 2655
41432 2656
2542 2657
32164 2658
24015 2659
15870 2660
31295 2661
12540 2662
35271 2663
20492 2664
35971 2665
24588 2666
18423 2667
41126 2668
1322 2669
5747 2670
10911 2671
52128 2672
2717 2673
11943 2674
5149 2675
45507 2676
1774 2677
24960 2678
384 2679
32759 2680
16920 2681
3786 2682
22394 2683
15383 2684
48079 2685
30201 2686
47264 2687
1388 2688
4673 2689
12747 2690
8061 2691
48721 2692
51416 2693
5436 2694
12152 2695
20311 2696
43664 2697
8506 2698
39621 2699
55344 2700
2788 2701
19371 2702
25230 2703
4720 2704
28357 2705
43200 2706
26223 2707
57979 2708
29166 2709
48268 2710
8768 2711
24742 2712
12693 2713
14198 2714
30280 2715
25091 2716
5972 2717
10828 2718
58126 2719
5331 2720
17540 2721
1126 2722
52871 2723
18659 2724
20481 2725
29878 2726
29335 2727
18165 2728
48289 2729
12120 2730
24619 2731
8185 2732
43670 2733
31617 2734
21074 2735
4939 2736
31513 2737
10426 2738
52390 2739
45702 2740
21923 2741
21789 2742
35518 2743
17203 2744
48952 2745
13933 2746
21764 2747
54080 2748
28808 2749
28202 2750
5029 2751
7294 2752
2576 2753
6320 2754
1154 2755
30949 2756
2416 2757
7501 2758
4102 2759
11810 2760
13938 2761
21360 2762
2331 2763
30372 2764
1372 2765
37483 2766
18855 2767
20656 2768
25232 2769
20474 2770
19637 2771
5251 2772
21826 2773
5366 2774
13471 2775
17375 2776
27727 2777
15851 2778
27056 2779
12112 2780
32988 2781
28354 2782
28901 2783
7460 2784
3021 2785
459 2786
5654 2787
53 2788
20617 2789
11406 2790
22818 2791
2597 2792
2300 2793
27794 2794
32996 2795
49394 2796
3976 2797
15546 2798
95 2799
49068 2800
15277 2801
26793 2802
5746 2803
26796 2804
21874 2805
45250 2806
18815 2807
11020 2808
10456 2809
26095 2810
21353 2811
1243 2812
27658 2813
12686 2814
737 2815
29244 2816
20758 2817
12454 2818
31712 2819
10792 2820
25829 2821
13655 2822
24245 2823
5938 2824
2228 2825
26932 2826
25217 2827
14317 2828
2301 2829
13926 2830
4 2831
16 2832
40 2833
668 2834
1907 2835
1939 2836
2958 2837
3451 2838
5652 2839
6736 2840
7545 2841
8067 2842
8553 2843
8556 2844
8611 2845
9806 2846
10416 2847
13855 2848
14488 2849
15288 2850
19036 2851
21397 2852
23838 2853
26004 2854
26970 2855
27672 2856
28454 2857
29380 2858
47415 2859
48538 2860
103 2861
1001 2862
1567 2863
1725 2864
1798 2865
1933 2866
2399 2867
2639 2868
2987 2869
3216 2870
3228 2871
3354 2872
3874 2873
4553 2874
4975 2875
5765 2876
6800 2877
6986 2878
7363 2879
7423 2880
7997 2881
8891 2882
9031 2883
9155 2884
10030 2885
11518 2886
15295 2887
16030 2888
16295 2889
17686 2890
21863 2891
28355 2892
29142 2893
21 2894
387 2895
900 2896
1157 2897
1862 2898
2146 2899
2223 2900
2527 2901
3728 2902
4677 2903
6213 2904
6273 2905
6980 2906
7276 2907
7688 2908
8308 2909
10377 2910
11126 2911
11590 2912
11747 2913
11836 2914
11862 2915
12862 2916
13250 2917
14778 2918
16634 2919
21803 2920
24723 2921
36555 2922
72 2923
1542 2924
1865 2925
3366 2926
4566 2927
4878 2928
6640 2929
6685 2930
6934 2931
7674 2932
10620 2933
11756 2934
11907 2935
12441 2936
15332 2937
15398 2938
15863 2939
16403 2940
16565 2941
18398 2942
21608 2943
23841 2944
26359 2945
31302 2946
40459 2947
43117 2948
55525 2949
143 2950
1901 2951
2805 2952
3407 2953
4633 2954
4712 2955
5785 2956
8134 2957
8914 2958
9532 2959
10065 2960
10732 2961
11196 2962
12265 2963
12577 2964
13238 2965
13361 2966
13453 2967
14085 2968
15184 2969
15557 2970
16222 2971
16492 2972
18195 2973
19004 2974
20278 2975
31156 2976
32178 2977
33852 2978
37128 2979
39556 2980
42236 2981
42733 2982
45517 2983
6 2984
693 2985
2850 2986
3698 2987
3881 2988
6232 2989
6507 2990
7784 2991
9406 2992
10882 2993
14378 2994
14982 2995
17790 2996
18081 2997
19407 2998
20572 2999
27662 3000
39465 3001
40567 3002
48269 3003
1302 3004
1718 3005
3167 3006
3178 3007
5572 3008
5739 3009
8090 3010
8582 3011
9135 3012
9593 3013
10271 3014
10987 3015
11608 3016
12666 3017
19666 3018
24257 3019
27629 3020
28899 3021
31568 3022
33124 3023
51415 3024
1077 3025
1944 3026
2034 3027
2261 3028
2371 3029
2837 3030
2910 3031
2999 3032
3206 3033
3348 3034
5434 3035
5649 3036
6834 3037
7699 3038
7858 3039
10238 3040
10688 3041
10967 3042
12978 3043
13219 3044
14360 3045
14888 3046
18079 3047
18586 3048
18647 3049
24579 3050
27404 3051
30001 3052
33960 3053
37202 3054
57503 3055
188 3056
562 3057
690 3058
1257 3059
1936 3060
2045 3061
2206 3062
3314 3063
3743 3064
5744 3065
6857 3066
6907 3067
8073 3068
8902 3069
9883 3070
12907 3071
13349 3072
13826 3073
15377 3074
20985 3075
21865 3076
22497 3077
28098 3078
29353 3079
29955 3080
32980 3081
35395 3082
37791 3083
38051 3084
40324 3085
49540 3086
52387 3087
55732 3088
262 3089
964 3090
967 3091
1775 3092
3308 3093
3358 3094
3801 3095
4049 3096
5213 3097
9142 3098
9252 3099
10409 3100
10540 3101
10647 3102
11762 3103
12513 3104
13768 3105
14224 3106
15359 3107
22730 3108
23484 3109
40835 3110
42585 3111
29 3112
643 3113
1104 3114
1430 3115
1859 3116
2219 3117
2351 3118
2813 3119
3092 3120
3183 3121
3751 3122
5486 3123
8473 3124
9578 3125
9627 3126
10381 3127
11704 3128
11825 3129
14160 3130
14486 3131
18797 3132
20355 3133
25231 3134
27635 3135
27812 3136
28665 3137
29381 3138
29854 3139
37332 3140
47767 3141
50690 3142
51951 3143
730 3144
1591 3145
1960 3146
2285 3147
2536 3148
2772 3149
3108 3150
5646 3151
6782 3152
7439 3153
8032 3154
9165 3155
10658 3156
10934 3157
27055 3158
29351 3159
33942 3160
37268 3161
52028 3162
21881 3163
35050 3164
2245 3165
24879 3166
44584 3167
33034 3168
8851 3169
16281 3170
19033 3171
41778 3172
7457 3173
47077 3174
27372 3175
42691 3176
860 3177
52635 3178
12802 3179
23850 3180
450 3181
10769 3182
30573 3183
42357 3184
4125 3185
22922 3186
5933 3187
27703 3188
33687 3189
38686 3190
10323 3191
18027 3192
20118 3193
13486 3194
16460 3195
5320 3196
44546 3197
23423 3198
40755 3199
476 3200
3506 3201
54143 3202
32140 3203
32489 3204
30565 3205
3800 3206
348 3207
27130 3208
49255 3209
29872 3210
44721 3211
39136 3212
54095 3213
33291 3214
5585 3215
11011 3216
36478 3217
37324 3218
24450 3219
1354 3220
29106 3221
4727 3222
47391 3223
48566 3224
9585 3225
19125 3226
21986 3227
3759 3228
17816 3229
32287 3230
23523 3231
19635 3232
42006 3233
36048 3234
30448 3235
28679 3236
45700 3237
38171 3238
4952 3239
34233 3240
29152 3241
29749 3242
43295 3243
12125 3244
16457 3245
24439 3246
29146 3247
15322 3248
32635 3249
27674 3250
40170 3251
29405 3252
14062 3253
18745 3254
43936 3255
35996 3256
40699 3257
48352 3258
40967 3259
5431 3260
43252 3261
11901 3262
12416 3263
20496 3264
40768 3265
14497 3266
26474 3267
15008 3268
15874 3269
43703 3270
17574 3271
15316 3272
40148 3273
14710 3274
11008 3275
47433 3276
42346 3277
38162 3278
9016 3279
21798 3280
25137 3281
20945 3282
5145 3283
50706 3284
5158 3285
38131 3286
6103 3287
4948 3288
8855 3289
46180 3290
14200 3291
42929 3292
22912 3293
27284 3294
39680 3295
16102 3296
55713 3297
18874 3298
16447 3299
46753 3300
10249 3301
14461 3302
8372 3303
8234 3304
45092 3305
24649 3306
18474 3307
22410 3308
4812 3309
40786 3310
37204 3311
10394 3312
6066 3313
20741 3314
27396 3315
7295 3316
22157 3317
15078 3318
38037 3319
14947 3320
13742 3321
24242 3322
26716 3323
31059 3324
54784 3325
26570 3326
43338 3327
11295 3328
44989 3329
1757 3330
12257 3331
12699 3332
44683 3333
1230 3334
4581 3335
9733 3336
18003 3337
5365 3338
16075 3339
12026 3340
2619 3341
38508 3342
9002 3343
55772 3344
16788 3345
15549 3346
4666 3347
1297 3348
15551 3349
37336 3350
8038 3351
9302 3352
13948 3353
3827 3354
6293 3355
33674 3356
4956 3357
38523 3358
37517 3359
8299 3360
5018 3361
11782 3362
56997 3363
10488 3364
14939 3365
454 3366
2411 3367
50748 3368
6966 3369
7311 3370
12177 3371
11346 3372
2231 3373
33763 3374
11434 3375
29720 3376
21791 3377
23278 3378
38902 3379
56470 3380
34739 3381
19072 3382
315 3383
10272 3384
46773 3385
5791 3386
7337 3387
14161 3388
14167 3389
1607 3390
15354 3391
864 3392
1558 3393
13058 3394
1778 3395
6114 3396
40356 3397
29808 3398
27245 3399
35351 3400
11597 3401
47302 3402
5772 3403
9684 3404
3626 3405
16402 3406
9579 3407
18421 3408
27365 3409
6554 3410
48175 3411
27434 3412
12298 3413
13406 3414
19721 3415
28705 3416
15560 3417
10995 3418
13401 3419
9271 3420
986 3421
7118 3422
2190 3423
39240 3424
25630 3425
2670 3426
6886 3427
14552 3428
20883 3429
18166 3430
17231 3431
12682 3432
23925 3433
15395 3434
3682 3435
12086 3436
11760 3437
42167 3438
915 3439
920 3440
987 3441
2919 3442
3924 3443
8500 3444
8537 3445
9315 3446
9539 3447
10963 3448
11204 3449
11696 3450
12473 3451
13311 3452
14886 3453
15088 3454
15722 3455
19153 3456
19793 3457
24024 3458
24832 3459
31693 3460
33622 3461
37445 3462
43937 3463
18 3464
2366 3465
2614 3466
3068 3467
3147 3468
6240 3469
6903 3470
7856 3471
9242 3472
9749 3473
10547 3474
12139 3475
14115 3476
14165 3477
15402 3478
20129 3479
20450 3480
24471 3481
24961 3482
27145 3483
30224 3484
33837 3485
36304 3486
40820 3487
44100 3488
47889 3489
50547 3490
54481 3491
116 3492
1119 3493
1128 3494
1994 3495
3124 3496
3636 3497
4078 3498
5210 3499
6873 3500
6982 3501
7107 3502
7211 3503
7243 3504
8165 3505
8510 3506
8634 3507
9258 3508
10340 3509
11641 3510
12097 3511
12328 3512
15112 3513
15283 3514
15314 3515
15416 3516
15827 3517
17440 3518
17742 3519
22308 3520
25860 3521
25969 3522
26665 3523
28713 3524
30009 3525
35728 3526
36697 3527
655 3528
850 3529
1141 3530
1697 3531
2001 3532
2289 3533
2825 3534
2883 3535
3004 3536
3097 3537
4093 3538
4304 3539
5216 3540
5224 3541
7234 3542
8277 3543
8474 3544
8622 3545
9005 3546
9569 3547
9748 3548
10628 3549
10673 3550
10902 3551
11260 3552
12519 3553
12683 3554
13023 3555
14088 3556
16248 3557
17806 3558
22427 3559
22509 3560
24835 3561
28664 3562
30463 3563
33405 3564
42739 3565
144 3566
214 3567
721 3568
1454 3569
1847 3570
2913 3571
3085 3572
3364 3573
3645 3574
3703 3575
3774 3576
4570 3577
5597 3578
5665 3579
6618 3580
8960 3581
9586 3582
10410 3583
10735 3584
11910 3585
11911 3586
14487 3587
16303 3588
23001 3589
28138 3590
31429 3591
45237 3592
689 3593
818 3594
1187 3595
1551 3596
1968 3597
2379 3598
2831 3599
3132 3600
6303 3601
6933 3602
8433 3603
9328 3604
12665 3605
13436 3606
14459 3607
14547 3608
14665 3609
15319 3610
15394 3611
16109 3612
22819 3613
26032 3614
132 3615
184 3616
1429 3617
1550 3618
1977 3619
2049 3620
2191 3621
3184 3622
3406 3623
4627 3624
4913 3625
7307 3626
7318 3627
7367 3628
7960 3629
8126 3630
8542 3631
8912 3632
9721 3633
10876 3634
11039 3635
11212 3636
11928 3637
12295 3638
13210 3639
14308 3640
15852 3641
19417 3642
19659 3643
22897 3644
23991 3645
28623 3646
29896 3647
30930 3648
37190 3649
48545 3650
50925 3651
54164 3652
55855 3653
681 3654
1067 3655
1358 3656
2195 3657
2327 3658
2871 3659
3016 3660
3256 3661
4640 3662
5402 3663
6805 3664
7692 3665
7757 3666
8252 3667
9273 3668
9648 3669
10412 3670
10681 3671
10715 3672
10848 3673
11334 3674
11600 3675
11802 3676
12108 3677
15419 3678
16452 3679
18841 3680
24241 3681
26836 3682
30020 3683
31338 3684
34767 3685
645 3686
1083 3687
1529 3688
2355 3689
3038 3690
3045 3691
3227 3692
3412 3693
3479 3694
3790 3695
5226 3696
5404 3697
5632 3698
5734 3699
6409 3700
6977 3701
7480 3702
7593 3703
7653 3704
7693 3705
8382 3706
8434 3707
8595 3708
8754 3709
9483 3710
10555 3711
13021 3712
13343 3713
13416 3714
14626 3715
15400 3716
15660 3717
16489 3718
17331 3719
23837 3720
27079 3721
28385 3722
28776 3723
30945 3724
33875 3725
35889 3726
42447 3727
31 3728
1288 3729
1513 3730
1522 3731
1843 3732
2199 3733
2774 3734
2881 3735
2917 3736
2988 3737
3008 3738
3363 3739
3656 3740
3842 3741
5731 3742
5887 3743
7899 3744
8172 3745
9467 3746
9687 3747
9916 3748
10165 3749
10668 3750
10698 3751
10966 3752
11002 3753
12174 3754
12439 3755
12684 3756
12815 3757
12998 3758
15080 3759
15345 3760
15382 3761
16595 3762
17300 3763
17579 3764
18746 3765
22425 3766
25692 3767
28518 3768
29685 3769
37713 3770
52462 3771
54995 3772
229 3773
564 3774
2174 3775
5012 3776
6842 3777
7281 3778
7466 3779
7584 3780
7683 3781
8121 3782
9301 3783
10320 3784
10890 3785
11006 3786
11311 3787
11535 3788
11583 3789
12015 3790
13128 3791
14151 3792
16040 3793
23129 3794
23146 3795
23467 3796
26573 3797
28532 3798
30970 3799
33608 3800
37057 3801
37436 3802
47346 3803
50951 3804
568 3805
2000 3806
2444 3807
2903 3808
3233 3809
3871 3810
4669 3811
5626 3812
7310 3813
7529 3814
9333 3815
9503 3816
11263 3817
12731 3818
17315 3819
18113 3820
18124 3821
19827 3822
23450 3823
23551 3824
25177 3825
25261 3826
26459 3827
37974 3828
39741 3829
43822 3830
23095 3831
31340 3832
16114 3833
4203 3834
30751 3835
20843 3836
43296 3837
50003 3838
32687 3839
31099 3840
21740 3841
39125 3842
19095 3843
17273 3844
31810 3845
9810 3846
35507 3847
40824 3848
44776 3849
16473 3850
5062 3851
19020 3852
12259 3853
18635 3854
53831 3855
12251 3856
7988 3857
20649 3858
22877 3859
39762 3860
4864 3861
15403 3862
42427 3863
8764 3864
20491 3865
44463 3866
37244 3867
32152 3868
33299 3869
57689 3870
22905 3871
41869 3872
4398 3873
1751 3874
15798 3875
21633 3876
22797 3877
41479 3878
23530 3879
10875 3880
19894 3881
3955 3882
25672 3883
49315 3884
25597 3885
33076 3886
12644 3887
6310 3888
36890 3889
8084 3890
14980 3891
46166 3892
34301 3893
18024 3894
30706 3895
26648 3896
34839 3897
9903 3898
21611 3899
39291 3900
10819 3901
3906 3902
16508 3903
29039 3904
20500 3905
22874 3906
53266 3907
39851 3908
40423 3909
45646 3910
34635 3911
42827 3912
1574 3913
4575 3914
54550 3915
19159 3916
35533 3917
9889 3918
43591 3919
36421 3920
7309 3921
40114 3922
8417 3923
17160 3924
6427 3925
18229 3926
16730 3927
10172 3928
38977 3929
2390 3930
11785 3931
1744 3932
2580 3933
4875 3934
15380 3935
23241 3936
27321 3937
46988 3938
23101 3939
17940 3940
2445 3941
14642 3942
8635 3943
15349 3944
53290 3945
23004 3946
2859 3947
4876 3948
36716 3949
17774 3950
38011 3951
45939 3952
1637 3953
10810 3954
25471 3955
7768 3956
20466 3957
9479 3958
31417 3959
18871 3960
40457 3961
22829 3962
50586 3963
17082 3964
53047 3965
19000 3966
49838 3967
41276 3968
20149 3969
30051 3970
11191 3971
12641 3972
4325 3973
14586 3974
8248 3975
41251 3976
11205 3977
26086 3978
11135 3979
30960 3980
15026 3981
3155 3982
308 3983
3234 3984
45284 3985
24613 3986
12502 3987
30490 3988
43971 3989
44187 3990
17830 3991
17059 3992
11377 3993
25979 3994
12445 3995
21569 3996
22 3997
12277 3998
18444 3999
5756 4000
25675 4001
39715 4002
28880 4003
32639 4004
15585 4005
34444 4006
1091 4007
10443 4008
16534 4009
17658 4010
5254 4011
34963 4012
8325 4013
13976 4014
37334 4015
15727 4016
21161 4017
15392 4018
19410 4019
13081 4020
2067 4021
5123 4022
4745 4023
33662 4024
15048 4025
19432 4026
30431 4027
30451 4028
20048 4029
25947 4030
38209 4031
37295 4032
45500 4033
11461 4034
12671 4035
45650 4036
24766 4037
32490 4038
23162 4039
38208 4040
26714 4041
29675 4042
13719 4043
1852 4044
53272 4045
31384 4046
31339 4047
15569 4048
36104 4049
517 4050
12897 4051
29073 4052
9269 4053
16239 4054
17862 4055
8328 4056
39237 4057
32894 4058
9138 4059
22884 4060
5797 4061
9344 4062
22046 4063
21818 4064
17092 4065
37532 4066
2979 4067
13587 4068
9190 4069
18689 4070
13414 4071
14992 4072
31632 4073
40254 4074
48391 4075
17325 4076
40403 4077
43920 4078
41377 4079
21159 4080
6882 4081
11452 4082
17330 4083
33173 4084
19686 4085
4777 4086
18715 4087
29242 4088
10910 4089
19832 4090
56848 4091
11050 4092
24857 4093
25384 4094
1916 4095
8822 4096
52779 4097
8831 4098
4134 4099
34622 4100
40407 4101
20725 4102
24442 4103
6219 4104
11643 4105
13347 4106
34575 4107
8638 4108
44566 4109
1266 4110
25659 4111
2087 4112
4784 4113
12019 4114
25262 4115
40079 4116
3525 4117
40819 4118
30248 4119
14641 4120
4954 4121
18163 4122
54646 4123
11433 4124
15664 4125
17486 4126
9642 4127
14379 4128
35767 4129
57024 4130
28956 4131
39532 4132
12013 4133
28927 4134
34193 4135
40969 4136
9230 4137
47342 4138
22960 4139
8705 4140
7616 4141
785 4142
9139 4143
12844 4144
9264 4145
25569 4146
748 4147
30364 4148
48614 4149
55989 4150
37508 4151
19328 4152
8219 4153
35383 4154
41700 4155
1590 4156
4559 4157
17259 4158
7187 4159
29574 4160
18452 4161
10755 4162
18127 4163
1330 4164
10399 4165
21039 4166
54383 4167
20699 4168
19310 4169
21471 4170
3240 4171
4402 4172
10677 4173
30966 4174
43567 4175
20218 4176
33841 4177
17759 4178
16591 4179
1313 4180
57150 4181
19246 4182
44228 4183
14051 4184
42416 4185
11437 4186
4862 4187
15488 4188
207 4189
682 4190
875 4191
1911 4192
2141 4193
3670 4194
5737 4195
6848 4196
7224 4197
7836 4198
8545 4199
9426 4200
9587 4201
9595 4202
10852 4203
11987 4204
14358 4205
15309 4206
15861 4207
16590 4208
18590 4209
22437 4210
27331 4211
33877 4212
37722 4213
37761 4214
43709 4215
155 4216
766 4217
1252 4218
2238 4219
3003 4220
3162 4221
4004 4222
5236 4223
5647 4224
6867 4225
7392 4226
7628 4227
7695 4228
8517 4229
9650 4230
11493 4231
11552 4232
13476 4233
13513 4234
15650 4235
18478 4236
19382 4237
19388 4238
19423 4239
23276 4240
24715 4241
26335 4242
27399 4243
28356 4244
29641 4245
30251 4246
30282 4247
36344 4248
19 4249
691 4250
1913 4251
2032 4252
2925 4253
3362 4254
4944 4255
5679 4256
5707 4257
5733 4258
6664 4259
6738 4260
7183 4261
7235 4262
7470 4263
7900 4264
8053 4265
9000 4266
9868 4267
11169 4268
11764 4269
14492 4270
14609 4271
14757 4272
15338 4273
15473 4274
15570 4275
15679 4276
16263 4277
18772 4278
18838 4279
21686 4280
22099 4281
27725 4282
29520 4283
30705 4284
36508 4285
45138 4286
97 4287
297 4288
531 4289
1068 4290
1073 4291
1295 4292
1521 4293
1720 4294
2069 4295
3014 4296
3519 4297
3623 4298
6190 4299
8890 4300
9118 4301
9119 4302
9463 4303
10368 4304
10483 4305
11849 4306
13326 4307
13798 4308
14690 4309
15386 4310
15428 4311
17524 4312
20249 4313
21534 4314
21782 4315
21828 4316
21853 4317
22008 4318
26103 4319
27305 4320
28823 4321
30470 4322
35319 4323
47860 4324
153 4325
162 4326
226 4327
336 4328
970 4329
1460 4330
1560 4331
1800 4332
1872 4333
1883 4334
2833 4335
2842 4336
2843 4337
2911 4338
4032 4339
5233 4340
5412 4341
6606 4342
7018 4343
7108 4344
8908 4345
9363 4346
10815 4347
10990 4348
11275 4349
12748 4350
13120 4351
13459 4352
14417 4353
16528 4354
16696 4355
18743 4356
19392 4357
20611 4358
22495 4359
27731 4360
28884 4361
29189 4362
40117 4363
46289 4364
46846 4365
55514 4366
57392 4367
1014 4368
1444 4369
1514 4370
1594 4371
2292 4372
3190 4373
3201 4374
3311 4375
3326 4376
3384 4377
3416 4378
3744 4379
5415 4380
6319 4381
6580 4382
6673 4383
7992 4384
8717 4385
8924 4386
9654 4387
9746 4388
10671 4389
10981 4390
11626 4391
12636 4392
15541 4393
16244 4394
16541 4395
26797 4396
29151 4397
703 4398
1712 4399
3061 4400
5410 4401
6115 4402
6625 4403
7172 4404
7184 4405
7791 4406
7806 4407
9418 4408
10135 4409
10355 4410
10651 4411
10771 4412
11440 4413
11749 4414
11757 4415
11948 4416
12572 4417
13419 4418
13844 4419
16406 4420
17672 4421
21575 4422
26454 4423
28522 4424
28545 4425
42405 4426
51970 4427
51980 4428
577 4429
692 4430
1584 4431
1860 4432
1915 4433
2142 4434
2931 4435
2949 4436
3047 4437
3275 4438
3396 4439
5318 4440
6644 4441
7723 4442
8750 4443
9427 4444
10912 4445
10991 4446
11138 4447
12348 4448
13981 4449
15496 4450
15503 4451
18664 4452
19365 4453
21408 4454
21418 4455
21651 4456
23836 4457
26037 4458
30397 4459
41654 4460
45752 4461
154 4462
1249 4463
2037 4464
2948 4465
3153 4466
3284 4467
3402 4468
4099 4469
4985 4470
6845 4471
7334 4472
7794 4473
8706 4474
9577 4475
11215 4476
11509 4477
11769 4478
12855 4479
13323 4480
14498 4481
15282 4482
15815 4483
18477 4484
18785 4485
21596 4486
35531 4487
37531 4488
44482 4489
44599 4490
54257 4491
294 4492
364 4493
714 4494
2031 4495
2575 4496
2896 4497
3152 4498
3449 4499
4786 4500
5614 4501
5627 4502
6617 4503
7614 4504
8042 4505
8056 4506
9158 4507
9592 4508
9598 4509
11188 4510
11977 4511
12409 4512
15336 4513
20057 4514
29522 4515
29600 4516
42914 4517
47822 4518
50796 4519
55962 4520
56798 4521
45 4522
93 4523
161 4524
724 4525
743 4526
1431 4527
1489 4528
1552 4529
2243 4530
2260 4531
2377 4532
2481 4533
2530 4534
2992 4535
3171 4536
6101 4537
6378 4538
6841 4539
6897 4540
7079 4541
7254 4542
8384 4543
8843 4544
8999 4545
9112 4546
9497 4547
10362 4548
10408 4549
10610 4550
11676 4551
11844 4552
12471 4553
15533 4554
15716 4555
16028 4556
16177 4557
17756 4558
20140 4559
22825 4560
23812 4561
25226 4562
26066 4563
29468 4564
33427 4565
36761 4566
47394 4567
52950 4568
54079 4569
54677 4570
2872 4571
3055 4572
5206 4573
6859 4574
7661 4575
8148 4576
8306 4577
8920 4578
9257 4579
10274 4580
10351 4581
10594 4582
10989 4583
11618 4584
13265 4585
13438 4586
15504 4587
16586 4588
18557 4589
19379 4590
24230 4591
29042 4592
30016 4593
31447 4594
32393 4595
38529 4596
38589 4597
38898 4598
39916 4599
42591 4600
54014 4601
17899 4602
4438 4603
56497 4604
22081 4605
18117 4606
16419 4607
17657 4608
50595 4609
51793 4610
19851 4611
34260 4612
40238 4613
5150 4614
16204 4615
33272 4616
27543 4617
6413 4618
29584 4619
39346 4620
57031 4621
34464 4622
14450 4623
14820 4624
21873 4625
6651 4626
24333 4627
30056 4628
32823 4629
19239 4630
26109 4631
4229 4632
20840 4633
49785 4634
49951 4635
21057 4636
27914 4637
22450 4638
5962 4639
12341 4640
18848 4641
42546 4642
43564 4643
24627 4644
33035 4645
1169 4646
4236 4647
3139 4648
1197 4649
39471 4650
49375 4651
17394 4652
1598 4653
17942 4654
45794 4655
4269 4656
57084 4657
43099 4658
29177 4659
31356 4660
55403 4661
50125 4662
4865 4663
32434 4664
47116 4665
12175 4666
2604 4667
5256 4668
5505 4669
32207 4670
57117 4671
22402 4672
18945 4673
37205 4674
44432 4675
50461 4676
32286 4677
4711 4678
14092 4679
21489 4680
4922 4681
42157 4682
17125 4683
1565 4684
919 4685
39521 4686
15156 4687
18135 4688
55062 4689
1327 4690
17113 4691
33028 4692
18907 4693
14081 4694
19527 4695
25800 4696
7298 4697
2553 4698
16459 4699
31141 4700
45681 4701
1644 4702
15731 4703
21094 4704
24635 4705
4937 4706
21321 4707
49814 4708
32260 4709
42609 4710
1660 4711
57070 4712
16035 4713
12186 4714
8763 4715
40121 4716
27063 4717
14527 4718
13061 4719
36141 4720
46330 4721
5273 4722
11065 4723
11222 4724
22398 4725
30650 4726
32087 4727
22393 4728
12099 4729
5246 4730
19814 4731
20689 4732
31052 4733
8386 4734
23968 4735
52670 4736
55160 4737
11366 4738
44622 4739
32515 4740
42882 4741
28933 4742
16269 4743
22323 4744
53019 4745
57785 4746
14174 4747
28101 4748
42822 4749
37400 4750
34896 4751
48937 4752
49002 4753
5268 4754
13509 4755
57717 4756
10581 4757
10720 4758
27025 4759
40522 4760
51938 4761
22903 4762
29980 4763
187 4764
33111 4765
35599 4766
55028 4767
1341 4768
21062 4769
33197 4770
14143 4771
22771 4772
7221 4773
26360 4774
32570 4775
38553 4776
38566 4777
42480 4778
5223 4779
16491 4780
34762 4781
20426 4782
13958 4783
31808 4784
13928 4785
19263 4786
24274 4787
22328 4788
19747 4789
22352 4790
20095 4791
28421 4792
22828 4793
17563 4794
9553 4795
29604 4796
118 4797
7089 4798
16585 4799
29147 4800
17553 4801
33984 4802
50508 4803
3133 4804
1589 4805
29062 4806
130 4807
28392 4808
18305 4809
8496 4810
19422 4811
16123 4812
32696 4813
27082 4814
32763 4815
35353 4816
17278 4817
8861 4818
39286 4819
22611 4820
24085 4821
41961 4822
2026 4823
11148 4824
16037 4825
26176 4826
5033 4827
57191 4828
9307 4829
16455 4830
22527 4831
8761 4832
4866 4833
42663 4834
16228 4835
28552 4836
1336 4837
17767 4838
52199 4839
7934 4840
56869 4841
14765 4842
21786 4843
10603 4844
57805 4845
44480 4846
11734 4847
32792 4848
27164 4849
9599 4850
19368 4851
1745 4852
3879 4853
7823 4854
29583 4855
50457 4856
728 4857
49724 4858
10801 4859
23009 4860
15720 4861
15510 4862
7036 4863
55581 4864
8598 4865
31819 4866
32573 4867
47864 4868
49446 4869
18300 4870
28606 4871
1811 4872
14831 4873
23314 4874
36212 4875
40970 4876
53090 4877
27083 4878
28866 4879
3204 4880
7885 4881
12189 4882
23723 4883
29809 4884
333 4885
3816 4886
23794 4887
4686 4888
4885 4889
2518 4890
15480 4891
5435 4892
37438 4893
4195 4894
29634 4895
3334 4896
9772 4897
12472 4898
22776 4899
37350 4900
16201 4901
26205 4902
43187 4903
8643 4904
17885 4905
5148 4906
20361 4907
44317 4908
50154 4909
34815 4910
28588 4911
23591 4912
12583 4913
8633 4914
55396 4915
4713 4916
10724 4917
6994 4918
23940 4919
7820 4920
36672 4921
44800 4922
8139 4923
25227 4924
1728 4925
12293 4926
19799 4927
1002 4928
14935 4929
26026 4930
13444 4931
6231 4932
22317 4933
23601 4934
20063 4935
1942 4936
16275 4937
47541 4938
2456 4939
26094 4940
53326 4941
6242 4942
23982 4943
6718 4944
10851 4945
27309 4946
11623 4947
4960 4948
463 4949
16724 4950
17105 4951
41518 4952
41270 4953
36495 4954
19235 4955
1576 4956
29451 4957
30678 4958
15826 4959
19323 4960
31431 4961
49682 4962
2502 4963
9662 4964
18366 4965
33863 4966
5234 4967
15748 4968
18333 4969
33481 4970
15516 4971
35071 4972
1547 4973
28482 4974
18599 4975
5201 4976
38831 4977
26241 4978
23169 4979
4573 4980
46966 4981
45204 4982
52102 4983
4077 4984
7189 4985
30634 4986
4718 4987
36102 4988
8597 4989
26082 4990
39088 4991
21490 4992
18185 4993
43383 4994
12144 4995
7570 4996
47015 4997
11644 4998
40575 4999
27148 5000
1586 5001
1829 5002
53814 5003
19142 5004
6365 5005
20178 5006
4635 5007
35927 5008
27166 5009
36339 5010
28949 5011
11903 5012
25621 5013
9323 5014
15773 5015
48356 5016
12201 5017
12566 5018
48751 5019
18392 5020
23923 5021
6340 5022
24282 5023
532 5024
39365 5025
34212 5026
10150 5027
53830 5028
13538 5029
10085 5030
3455 5031
13433 5032
16279 5033
24580 5034
37988 5035
16243 5036
24610 5037
26974 5038
2439 5039
8406 5040
32613 5041
12487 5042
25237 5043
18762 5044
40830 5045
33169 5046
15692 5047
36534 5048
3561 5049
12613 5050
49115 5051
33166 5052
21574 5053
24480 5054
14895 5055
56472 5056
8484 5057
6104 5058
11221 5059
6985 5060
3951 5061
38116 5062
17589 5063
13686 5064
13829 5065
39611 5066
569 5067
16600 5068
49976 5069
1339 5070
1783 5071
22257 5072
32015 5073
3811 5074
14762 5075
5312 5076
50511 5077
304 5078
34338 5079
37342 5080
11758 5081
2312 5082
2731 5083
43826 5084
44 5085
77 5086
1805 5087
2350 5088
2975 5089
3058 5090
3160 5091
3372 5092
3830 5093
4989 5094
5217 5095
6053 5096
7703 5097
7803 5098
8413 5099
8995 5100
9794 5101
9977 5102
10141 5103
11882 5104
13261 5105
14311 5106
14493 5107
16044 5108
17025 5109
17215 5110
17493 5111
18769 5112
20444 5113
21928 5114
23618 5115
23983 5116
24530 5117
25544 5118
25976 5119
26935 5120
27537 5121
30279 5122
38961 5123
39939 5124
41624 5125
152 5126
574 5127
597 5128
1922 5129
2119 5130
2255 5131
3847 5132
5215 5133
7805 5134
8777 5135
8972 5136
10956 5137
11022 5138
11042 5139
11428 5140
12325 5141
12977 5142
14945 5143
15423 5144
15754 5145
16596 5146
18088 5147
18649 5148
18674 5149
19611 5150
20862 5151
21870 5152
29053 5153
46701 5154
49604 5155
14 5156
725 5157
1497 5158
2044 5159
2288 5160
3059 5161
3066 5162
3527 5163
6249 5164
6308 5165
6711 5166
7375 5167
9313 5168
9552 5169
11057 5170
12621 5171
13388 5172
13725 5173
15542 5174
15566 5175
15728 5176
21138 5177
21630 5178
23796 5179
24239 5180
24463 5181
24659 5182
26299 5183
33769 5184
35283 5185
35622 5186
38768 5187
43204 5188
43475 5189
43581 5190
43817 5191
211 5192
242 5193
711 5194
888 5195
1386 5196
1881 5197
2232 5198
2234 5199
2807 5200
2853 5201
3398 5202
3637 5203
5577 5204
5594 5205
6784 5206
6826 5207
6849 5208
8819 5209
9312 5210
9520 5211
10079 5212
10229 5213
10385 5214
10419 5215
11173 5216
11436 5217
11652 5218
11733 5219
13567 5220
15578 5221
16022 5222
17304 5223
17492 5224
18564 5225
18725 5226
18961 5227
19384 5228
20979 5229
22390 5230
24815 5231
33414 5232
35649 5233
38389 5234
209 5235
623 5236
683 5237
1925 5238
2887 5239
2892 5240
2963 5241
3378 5242
3391 5243
4991 5244
5221 5245
5610 5246
5660 5247
5786 5248
6513 5249
7347 5250
7646 5251
7733 5252
9050 5253
10175 5254
10332 5255
10415 5256
10458 5257
11052 5258
12209 5259
13547 5260
13593 5261
15330 5262
15555 5263
15561 5264
15721 5265
16071 5266
18356 5267
19930 5268
20030 5269
23237 5270
29521 5271
30662 5272
31763 5273
35814 5274
36082 5275
44746 5276
250 5277
1520 5278
1894 5279
1898 5280
2184 5281
3019 5282
3091 5283
3601 5284
4628 5285
4871 5286
5151 5287
5418 5288
5459 5289
6251 5290
6345 5291
6923 5292
7052 5293
7151 5294
7308 5295
7482 5296
7527 5297
7756 5298
9320 5299
10333 5300
10446 5301
10678 5302
12275 5303
14649 5304
15779 5305
16024 5306
17067 5307
18408 5308
18489 5309
18964 5310
19628 5311
22362 5312
24211 5313
24456 5314
25330 5315
30252 5316
30412 5317
34820 5318
35593 5319
36624 5320
36884 5321
43980 5322
49035 5323
51179 5324
1979 5325
1995 5326
2003 5327
2224 5328
2297 5329
2849 5330
2926 5331
2994 5332
3685 5333
4194 5334
5147 5335
6375 5336
7225 5337
7282 5338
7503 5339
8216 5340
8242 5341
8794 5342
9238 5343
9417 5344
9575 5345
9913 5346
10248 5347
11291 5348
11684 5349
12982 5350
13654 5351
14490 5352
16098 5353
20587 5354
22389 5355
22423 5356
23817 5357
24957 5358
29243 5359
29458 5360
30367 5361
35207 5362
35317 5363
239 5364
320 5365
1175 5366
1508 5367
1959 5368
2022 5369
2050 5370
2163 5371
3544 5372
3586 5373
5427 5374
5689 5375
6247 5376
6277 5377
6597 5378
7565 5379
7786 5380
8157 5381
8428 5382
8482 5383
8584 5384
8844 5385
8965 5386
9260 5387
10304 5388
10392 5389
11441 5390
11677 5391
11981 5392
12023 5393
18430 5394
18656 5395
19903 5396
23687 5397
23689 5398
26924 5399
29598 5400
37153 5401
38655 5402
43686 5403
44697 5404
590 5405
1517 5406
2894 5407
3115 5408
3232 5409
3700 5410
7583 5411
8492 5412
8592 5413
8932 5414
9209 5415
9927 5416
10468 5417
11264 5418
11606 5419
12051 5420
13207 5421
13293 5422
13758 5423
13818 5424
14736 5425
16563 5426
17225 5427
20315 5428
21708 5429
23081 5430
23588 5431
26253 5432
26408 5433
27728 5434
27739 5435
29692 5436
30525 5437
30775 5438
35343 5439
39630 5440
43053 5441
166 5442
220 5443
905 5444
1074 5445
1595 5446
1702 5447
1854 5448
2008 5449
2398 5450
2491 5451
2895 5452
3175 5453
3270 5454
3448 5455
4023 5456
5658 5457
5748 5458
6686 5459
6872 5460
7579 5461
7738 5462
8178 5463
8550 5464
8583 5465
8699 5466
8741 5467
8943 5468
10348 5469
10382 5470
11723 5471
13918 5472
15132 5473
15711 5474
15831 5475
17628 5476
18755 5477
18998 5478
19788 5479
21585 5480
22822 5481
24291 5482
24454 5483
25294 5484
27525 5485
37006 5486
48681 5487
55478 5488
163 5489
264 5490
341 5491
1452 5492
1956 5493
1990 5494
2170 5495
2336 5496
2524 5497
2532 5498
2978 5499
4872 5500
5662 5501
5706 5502
5774 5503
6833 5504
7509 5505
7590 5506
7603 5507
7724 5508
7847 5509
8015 5510
8118 5511
8501 5512
9699 5513
9731 5514
10069 5515
10129 5516
10560 5517
11177 5518
13019 5519
15409 5520
17935 5521
20964 5522
22307 5523
25859 5524
27333 5525
32732 5526
36668 5527
37085 5528
39026 5529
39161 5530
42434 5531
47768 5532
53881 5533
926 5534
996 5535
1232 5536
1505 5537
1923 5538
1988 5539
2845 5540
2889 5541
2918 5542
3157 5543
3226 5544
3689 5545
5623 5546
5672 5547
5702 5548
6587 5549
7262 5550
7526 5551
7542 5552
7543 5553
7898 5554
8197 5555
10557 5556
10687 5557
10804 5558
11672 5559
13379 5560
13479 5561
13591 5562
14207 5563
14321 5564
14650 5565
15179 5566
15747 5567
16559 5568
17147 5569
19021 5570
19450 5571
27089 5572
27979 5573
33163 5574
33356 5575
37835 5576
25566 5577
1023 5578
18458 5579
6364 5580
44103 5581
40792 5582
42972 5583
33623 5584
35245 5585
38921 5586
15768 5587
55453 5588
39726 5589
46527 5590
31411 5591
55530 5592
36167 5593
52156 5594
408 5595
39540 5596
52947 5597
53442 5598
32945 5599
47508 5600
45643 5601
27448 5602
40266 5603
16754 5604
2056 5605
14111 5606
46190 5607
5499 5608
40773 5609
23327 5610
25963 5611
27841 5612
52681 5613
32034 5614
49787 5615
48470 5616
29408 5617
19615 5618
21396 5619
22873 5620
46842 5621
20008 5622
58094 5623
6386 5624
21274 5625
21987 5626
51241 5627
11272 5628
25784 5629
10042 5630
26527 5631
4915 5632
12685 5633
44626 5634
52440 5635
54931 5636
3669 5637
12336 5638
771 5639
9352 5640
38522 5641
20220 5642
19008 5643
22032 5644
29143 5645
7325 5646
31844 5647
13045 5648
27771 5649
48841 5650
6127 5651
30826 5652
287 5653
47107 5654
16727 5655
53145 5656
45186 5657
13903 5658
23037 5659
35648 5660
21508 5661
46825 5662
28231 5663
1210 5664
14268 5665
55974 5666
15140 5667
21186 5668
44209 5669
16622 5670
19806 5671
42240 5672
14078 5673
17779 5674
20841 5675
22302 5676
3963 5677
21055 5678
11980 5679
17994 5680
9835 5681
18037 5682
3953 5683
18840 5684
52434 5685
45407 5686
49841 5687
30651 5688
41287 5689
20714 5690
22027 5691
32327 5692
6430 5693
41462 5694
19259 5695
24566 5696
17586 5697
11409 5698
1532 5699
6509 5700
15565 5701
11813 5702
29568 5703
50152 5704
25319 5705
12390 5706
30709 5707
50435 5708
46827 5709
27436 5710
43713 5711
2539 5712
22784 5713
33128 5714
57485 5715
18471 5716
24003 5717
34598 5718
27393 5719
34786 5720
13658 5721
49513 5722
1658 5723
11276 5724
50520 5725
35258 5726
28207 5727
42133 5728
56606 5729
49339 5730
5858 5731
6325 5732
12332 5733
16018 5734
57161 5735
1436 5736
30471 5737
32148 5738
15260 5739
33915 5740
17914 5741
44405 5742
9176 5743
3337 5744
49630 5745
27891 5746
54300 5747
55683 5748
41434 5749
56007 5750
55786 5751
39536 5752
21978 5753
21170 5754
34109 5755
48534 5756
1338 5757
2273 5758
24409 5759
8 5760
10764 5761
27065 5762
19274 5763
22230 5764
22216 5765
52532 5766
9915 5767
46225 5768
14783 5769
53803 5770
55135 5771
3195 5772
2441 5773
24852 5774
5532 5775
47509 5776
48863 5777
17871 5778
32220 5779
40242 5780
23828 5781
39639 5782
20151 5783
33489 5784
50838 5785
649 5786
12428 5787
16036 5788
20526 5789
36870 5790
53556 5791
913 5792
1224 5793
13672 5794
51874 5795
16463 5796
18121 5797
18682 5798
10928 5799
14670 5800
12668 5801
48292 5802
13705 5803
22043 5804
27991 5805
2391 5806
5168 5807
29387 5808
19791 5809
41444 5810
15364 5811
34891 5812
16057 5813
29779 5814
23161 5815
27291 5816
28348 5817
5038 5818
14797 5819
2737 5820
33800 5821
25584 5822
39298 5823
9063 5824
36298 5825
23745 5826
6466 5827
33127 5828
34329 5829
4404 5830
26569 5831
22726 5832
39497 5833
5259 5834
44875 5835
53930 5836
9020 5837
1086 5838
3498 5839
1389 5840
32683 5841
23020 5842
48814 5843
31608 5844
27343 5845
343 5846
5015 5847
106 5848
34495 5849
47274 5850
20264 5851
24884 5852
35562 5853
43712 5854
14577 5855
15389 5856
21540 5857
17590 5858
20268 5859
49990 5860
32939 5861
811 5862
38707 5863
24597 5864
5749 5865
27239 5866
1506 5867
16597 5868
53048 5869
5723 5870
18210 5871
13949 5872
31839 5873
33966 5874
9241 5875
30488 5876
33133 5877
41081 5878
26419 5879
129 5880
1277 5881
2423 5882
9489 5883
20160 5884
14197 5885
15771 5886
43529 5887
9451 5888
23771 5889
21795 5890
8087 5891
8806 5892
12303 5893
11687 5894
15129 5895
17054 5896
2669 5897
46558 5898
20223 5899
1390 5900
10790 5901
29674 5902
19902 5903
22780 5904
2396 5905
30355 5906
30324 5907
14874 5908
11096 5909
19220 5910
33162 5911
5054 5912
15507 5913
16055 5914
36788 5915
21735 5916
44691 5917
1334 5918
4756 5919
3550 5920
2578 5921
57296 5922
36846 5923
47803 5924
21869 5925
33787 5926
3564 5927
37042 5928
5726 5929
11958 5930
4735 5931
23914 5932
54282 5933
18170 5934
18289 5935
33876 5936
10029 5937
9623 5938
50516 5939
3752 5940
34514 5941
33230 5942
41482 5943
23760 5944
3468 5945
12493 5946
23863 5947
12320 5948
57764 5949
501 5950
54139 5951
3486 5952
36863 5953
16777 5954
20437 5955
17837 5956
38889 5957
30517 5958
19128 5959
2487 5960
56823 5961
3305 5962
12622 5963
14326 5964
25608 5965
37844 5966
43818 5967
8205 5968
14287 5969
4667 5970
10672 5971
37773 5972
4578 5973
17612 5974
33011 5975
27709 5976
42413 5977
44876 5978
8979 5979
6227 5980
18285 5981
39338 5982
5461 5983
37195 5984
44597 5985
14811 5986
38390 5987
25970 5988
15792 5989
35523 5990
22446 5991
7799 5992
28659 5993
18968 5994
3203 5995
15855 5996
46724 5997
9677 5998
38003 5999
8957 6000
46531 6001
25953 6002
31621 6003
22159 6004
44981 6005
9143 6006
15444 6007
12190 6008
25383 6009
48047 6010
6576 6011
12021 6012
30951 6013
16274 6014
27167 6015
43272 6016
25405 6017
27666 6018
6064 6019
22010 6020
41885 6021
3067 6022
42580 6023
1784 6024
28954 6025
12788 6026
17229 6027
14772 6028
5643 6029
16557 6030
28986 6031
17694 6032
19167 6033
26617 6034
10232 6035
17749 6036
7687 6037
20012 6038
24317 6039
31886 6040
10760 6041
12012 6042
31927 6043
14940 6044
37934 6045
44455 6046
22102 6047
29572 6048
30935 6049
26913 6050
3164 6051
9641 6052
29783 6053
9719 6054
16451 6055
32507 6056
28434 6057
3307 6058
5838 6059
26906 6060
19119 6061
42918 6062
6853 6063
20099 6064
1412 6065
18669 6066
26742 6067
7507 6068
15945 6069
17515 6070
25222 6071
29643 6072
738 6073
28111 6074
7278 6075
8247 6076
29217 6077
23749 6078
8320 6079
6382 6080
697 6081
39023 6082
21825 6083
58135 6084
4109 6085
17333 6086
55041 6087
49398 6088
9629 6089
7177 6090
42056 6091
39269 6092
45503 6093
17149 6094
11338 6095
8215 6096
55665 6097
16454 6098
24155 6099
12047 6100
24504 6101
9620 6102
40694 6103
5730 6104
33578 6105
7293 6106
17249 6107
4644 6108
54278 6109
49823 6110
10003 6111
3653 6112
2242 6113
40396 6114
17311 6115
1198 6116
455 6117
3651 6118
33471 6119
19891 6120
7080 6121
14970 6122
39826 6123
14181 6124
10861 6125
22371 6126
34453 6127
6282 6128
240 6129
8641 6130
26476 6131
26809 6132
45464 6133
19336 6134
41960 6135
6262 6136
28045 6137
17798 6138
26949 6139
6930 6140
2400 6141
8617 6142
19685 6143
47282 6144
26993 6145
3340 6146
18657 6147
28170 6148
11350 6149
13546 6150
15158 6151
3000 6152
26914 6153
52082 6154
20327 6155
14121 6156
45776 6157
642 6158
648 6159
1970 6160
2857 6161
3044 6162
3368 6163
3885 6164
4545 6165
5625 6166
6264 6167
6638 6168
7170 6169
7302 6170
7313 6171
7546 6172
7666 6173
8470 6174
11262 6175
11469 6176
11699 6177
11715 6178
13209 6179
13537 6180
13554 6181
13653 6182
15471 6183
15823 6184
15946 6185
16620 6186
18655 6187
21347 6188
21470 6189
21924 6190
23189 6191
24937 6192
30394 6193
30627 6194
32785 6195
37265 6196
39422 6197
40841 6198
57690 6199
625 6200
638 6201
1974 6202
2021 6203
2295 6204
2386 6205
3809 6206
3898 6207
5316 6208
5857 6209
6918 6210
8906 6211
9240 6212
9570 6213
9785 6214
10371 6215
10411 6216
10614 6217
10776 6218
11028 6219
11638 6220
11869 6221
11875 6222
12037 6223
12089 6224
13100 6225
13204 6226
13908 6227
15025 6228
16085 6229
16231 6230
23685 6231
25951 6232
26409 6233
27199 6234
29778 6235
30186 6236
32200 6237
45069 6238
49673 6239
51666 6240
164 6241
265 6242
674 6243
1071 6244
2038 6245
2493 6246
2519 6247
2848 6248
2904 6249
3002 6250
3050 6251
3151 6252
3244 6253
3274 6254
3410 6255
4683 6256
6898 6257
6979 6258
7208 6259
7477 6260
7619 6261
7630 6262
9617 6263
9911 6264
10979 6265
11820 6266
13123 6267
13692 6268
13824 6269
15293 6270
16247 6271
17275 6272
18007 6273
18193 6274
21629 6275
26675 6276
27407 6277
28697 6278
28887 6279
29450 6280
29627 6281
32693 6282
35540 6283
35890 6284
41469 6285
42492 6286
52549 6287
178 6288
349 6289
1122 6290
1240 6291
1699 6292
2367 6293
3052 6294
3292 6295
3545 6296
3835 6297
3911 6298
5628 6299
6621 6300
7171 6301
7376 6302
7631 6303
7852 6304
9308 6305
9735 6306
10059 6307
11017 6308
11871 6309
12075 6310
13535 6311
15187 6312
15462 6313
16408 6314
19397 6315
21648 6316
22942 6317
23142 6318
23200 6319
24165 6320
24482 6321
27587 6322
27692 6323
45249 6324
46326 6325
49140 6326
56278 6327
190 6328
257 6329
412 6330
2897 6331
4649 6332
7263 6333
7401 6334
7665 6335
7835 6336
8179 6337
8646 6338
9923 6339
11207 6340
11261 6341
12102 6342
12676 6343
13039 6344
15764 6345
17762 6346
19630 6347
23547 6348
26346 6349
26688 6350
27504 6351
28888 6352
29513 6353
31533 6354
33215 6355
34477 6356
39304 6357
43585 6358
43691 6359
235 6360
1164 6361
1329 6362
2136 6363
2284 6364
2290 6365
2922 6366
2923 6367
3499 6368
3640 6369
5509 6370
5634 6371
5708 6372
6099 6373
6134 6374
6633 6375
6670 6376
6706 6377
6766 6378
7428 6379
7601 6380
8021 6381
8913 6382
9027 6383
9221 6384
9243 6385
9741 6386
10074 6387
10089 6388
10168 6389
10307 6390
10378 6391
10970 6392
11599 6393
12230 6394
13208 6395
14376 6396
15475 6397
15973 6398
16405 6399
17062 6400
17072 6401
18359 6402
18488 6403
22373 6404
23527 6405
25178 6406
27561 6407
30446 6408
33797 6409
35398 6410
35579 6411
38098 6412
41533 6413
44357 6414
301 6415
342 6416
1445 6417
2165 6418
2203 6419
2810 6420
2997 6421
3007 6422
3048 6423
4646 6424
5472 6425
5694 6426
6214 6427
6600 6428
6828 6429
7499 6430
8192 6431
8385 6432
10312 6433
10535 6434
10612 6435
10767 6436
10953 6437
10965 6438
11170 6439
11674 6440
12000 6441
12662 6442
13411 6443
13912 6444
14138 6445
15630 6446
18128 6447
19400 6448
20134 6449
21698 6450
22545 6451
27492 6452
29190 6453
29691 6454
29861 6455
30084 6456
34553 6457
37473 6458
38940 6459
41626 6460
42599 6461
54780 6462
55841 6463
276 6464
669 6465
946 6466
1345 6467
1867 6468
2102 6469
2827 6470
4377 6471
5082 6472
5332 6473
6046 6474
6908 6475
7274 6476
7577 6477
7818 6478
7987 6479
10336 6480
10808 6481
11692 6482
12253 6483
12659 6484
15723 6485
15832 6486
22615 6487
23555 6488
25061 6489
25580 6490
26610 6491
27446 6492
30373 6493
30822 6494
32734 6495
35378 6496
47905 6497
51364 6498
180 6499
248 6500
277 6501
307 6502
705 6503
1109 6504
2082 6505
2085 6506
2222 6507
2940 6508
2967 6509
3189 6510
3650 6511
5603 6512
6318 6513
6605 6514
6928 6515
7252 6516
8450 6517
8594 6518
9068 6519
10754 6520
11662 6521
11732 6522
11921 6523
14771 6524
14787 6525
16090 6526
17677 6527
18373 6528
19709 6529
23746 6530
24843 6531
25994 6532
26998 6533
30018 6534
33579 6535
35980 6536
36507 6537
37170 6538
37902 6539
38616 6540
43637 6541
238 6542
646 6543
651 6544
666 6545
680 6546
719 6547
1610 6548
2176 6549
2286 6550
2341 6551
2349 6552
3360 6553
3395 6554
3414 6555
3446 6556
3686 6557
5608 6558
6778 6559
6837 6560
7230 6561
7241 6562
7644 6563
7696 6564
7834 6565
7841 6566
7865 6567
9615 6568
10725 6569
10888 6570
10916 6571
11001 6572
11589 6573
11864 6574
12133 6575
12170 6576
12817 6577
12999 6578
15580 6579
17096 6580
18288 6581
24722 6582
27836 6583
28789 6584
31432 6585
33348 6586
33651 6587
37981 6588
41580 6589
46900 6590
53180 6591
1 6592
852 6593
886 6594
1138 6595
1507 6596
2202 6597
2264 6598
2368 6599
2847 6600
2879 6601
3179 6602
3757 6603
3983 6604
4247 6605
4881 6606
5684 6607
7568 6608
8871 6609
9621 6610
9624 6611
10354 6612
12576 6613
13374 6614
13843 6615
14740 6616
15829 6617
16110 6618
16636 6619
17217 6620
17290 6621
22294 6622
22440 6623
22728 6624
22895 6625
22901 6626
26250 6627
27591 6628
29877 6629
30474 6630
34211 6631
36068 6632
40787 6633
42886 6634
43502 6635
45626 6636
232 6637
420 6638
1047 6639
1931 6640
1946 6641
1998 6642
2024 6643
2135 6644
2890 6645
3158 6646
3185 6647
3209 6648
3235 6649
5367 6650
5701 6651
5811 6652
6186 6653
7452 6654
7562 6655
7610 6656
7629 6657
8241 6658
9134 6659
9649 6660
9926 6661
10383 6662
11870 6663
13442 6664
14039 6665
14077 6666
14535 6667
15142 6668
16241 6669
19131 6670
21176 6671
21809 6672
22201 6673
22861 6674
23622 6675
25649 6676
27437 6677
29288 6678
35502 6679
36933 6680
44170 6681
51222 6682
51709 6683
53014 6684
45144 6685
40797 6686
2060 6687
22126 6688
25256 6689
24372 6690
43213 6691
2451 6692
20775 6693
13639 6694
38602 6695
13730 6696
55821 6697
57378 6698
14423 6699
16173 6700
32621 6701
52371 6702
13712 6703
13781 6704
2158 6705
42088 6706
9947 6707
1752 6708
5022 6709
38724 6710
16564 6711
36055 6712
38426 6713
1273 6714
20698 6715
4042 6716
26161 6717
41258 6718
49380 6719
8318 6720
24121 6721
34552 6722
49155 6723
1816 6724
6143 6725
21833 6726
24636 6727
20320 6728
23493 6729
23620 6730
49847 6731
9764 6732
36616 6733
54559 6734
4579 6735
41129 6736
14904 6737
4033 6738
21762 6739
25609 6740
47872 6741
13031 6742
41451 6743
31626 6744
38714 6745
6370 6746
47398 6747
14079 6748
39028 6749
4595 6750
40078 6751
18629 6752
31293 6753
4314 6754
40015 6755
33719 6756
19653 6757
26649 6758
36762 6759
18264 6760
36728 6761
55060 6762
30619 6763
4392 6764
32298 6765
42202 6766
15999 6767
20723 6768
50932 6769
53849 6770
978 6771
22342 6772
14176 6773
11478 6774
48558 6775
11683 6776
20861 6777
37758 6778
33054 6779
5028 6780
23372 6781
27405 6782
53238 6783
3507 6784
14860 6785
17373 6786
38478 6787
48808 6788
17947 6789
14960 6790
52707 6791
20687 6792
37435 6793
18153 6794
22758 6795
46181 6796
540 6797
32516 6798
45305 6799
51613 6800
55791 6801
8962 6802
13952 6803
54732 6804
26204 6805
49889 6806
17829 6807
19001 6808
30658 6809
43568 6810
41526 6811
26511 6812
6068 6813
14786 6814
4769 6815
11058 6816
22460 6817
52815 6818
5584 6819
56951 6820
22077 6821
24605 6822
47854 6823
11908 6824
33936 6825
15331 6826
1799 6827
8778 6828
1129 6829
22084 6830
29037 6831
8098 6832
12140 6833
1593 6834
3880 6835
19900 6836
33541 6837
31757 6838
37726 6839
11307 6840
37056 6841
18085 6842
1183 6843
13783 6844
29684 6845
15305 6846
14142 6847
1975 6848
2078 6849
13760 6850
4980 6851
21028 6852
14139 6853
35408 6854
44451 6855
7319 6856
36681 6857
51879 6858
18429 6859
32238 6860
36483 6861
12160 6862
32744 6863
23444 6864
1010 6865
42618 6866
35310 6867
38848 6868
19217 6869
56730 6870
6057 6871
28446 6872
10421 6873
13695 6874
23570 6875
731 6876
16734 6877
54755 6878
24347 6879
33486 6880
39673 6881
22213 6882
54556 6883
19558 6884
53800 6885
3370 6886
8498 6887
21355 6888
25207 6889
13180 6890
16795 6891
18178 6892
57265 6893
46017 6894
10177 6895
48577 6896
935 6897
16472 6898
31203 6899
53101 6900
22401 6901
45920 6902
15888 6903
31407 6904
4959 6905
30918 6906
39555 6907
10675 6908
21840 6909
41409 6910
41887 6911
53887 6912
5385 6913
26065 6914
32671 6915
39985 6916
42802 6917
53126 6918
35105 6919
39862 6920
12696 6921
57429 6922
2458 6923
27059 6924
46748 6925
18120 6926
20556 6927
24674 6928
54102 6929
49023 6930
41288 6931
1269 6932
22975 6933
24150 6934
50926 6935
3587 6936
21943 6937
10826 6938
28594 6939
3941 6940
39493 6941
16735 6942
5049 6943
9386 6944
24559 6945
29473 6946
42814 6947
18156 6948
48854 6949
49245 6950
57481 6951
16470 6952
27831 6953
39685 6954
20532 6955
12181 6956
34269 6957
42837 6958
14393 6959
35734 6960
41506 6961
57279 6962
32195 6963
48836 6964
5452 6965
39156 6966
28932 6967
31659 6968
54765 6969
11865 6970
19065 6971
9543 6972
24758 6973
16653 6974
25942 6975
49671 6976
9140 6977
28951 6978
39060 6979
12123 6980
55046 6981
48720 6982
5261 6983
57079 6984
23166 6985
29913 6986
15195 6987
20484 6988
4300 6989
13469 6990
1263 6991
26766 6992
41672 6993
57723 6994
14315 6995
24323 6996
39962 6997
16809 6998
42087 6999
4568 7000
10207 7001
14114 7002
41019 7003
36622 7004
10286 7005
27781 7006
34701 7007
36877 7008
41013 7009
7481 7010
32006 7011
18559 7012
1048 7013
44298 7014
5487 7015
25467 7016
48222 7017
29974 7018
21821 7019
4990 7020
43339 7021
34468 7022
37681 7023
26506 7024
57842 7025
8175 7026
31096 7027
31426 7028
41379 7029
13674 7030
32476 7031
15780 7032
5302 7033
42829 7034
7879 7035
5719 7036
33007 7037
34388 7038
2298 7039
40579 7040
30549 7041
40033 7042
17094 7043
2572 7044
23302 7045
28359 7046
46479 7047
1739 7048
194 7049
23901 7050
1608 7051
26743 7052
32386 7053
25833 7054
6130 7055
1585 7056
56978 7057
3804 7058
5615 7059
18075 7060
12126 7061
14523 7062
2479 7063
20734 7064
3664 7065
9064 7066
29813 7067
31439 7068
10805 7069
15404 7070
3464 7071
16414 7072
48504 7073
20308 7074
35939 7075
3413 7076
42997 7077
44823 7078
10636 7079
23813 7080
35402 7081
54806 7082
5865 7083
27619 7084
5732 7085
8862 7086
24147 7087
33883 7088
7926 7089
8225 7090
50488 7091
41823 7092
31719 7093
23764 7094
33351 7095
46786 7096
37881 7097
51004 7098
19294 7099
42548 7100
56411 7101
1012 7102
32486 7103
42204 7104
21690 7105
40972 7106
41830 7107
3866 7108
27518 7109
33838 7110
11152 7111
23047 7112
28361 7113
2485 7114
50632 7115
42408 7116
2484 7117
40414 7118
40640 7119
1651 7120
7137 7121
33232 7122
16094 7123
57600 7124
20180 7125
13996 7126
48840 7127
52917 7128
12804 7129
56878 7130
25371 7131
4914 7132
20216 7133
25542 7134
34735 7135
18637 7136
48565 7137
1255 7138
25786 7139
53908 7140
30288 7141
10391 7142
17990 7143
38806 7144
3127 7145
38712 7146
1663 7147
18409 7148
19280 7149
25567 7150
9679 7151
33363 7152
39863 7153
9856 7154
2121 7155
10744 7156
15974 7157
17226 7158
2460 7159
35218 7160
53362 7161
583 7162
18892 7163
20950 7164
39541 7165
11937 7166
19633 7167
51692 7168
1453 7169
51189 7170
29704 7171
13978 7172
31457 7173
23929 7174
36217 7175
11575 7176
15492 7177
2798 7178
47776 7179
34736 7180
1578 7181
37427 7182
20438 7183
22349 7184
8103 7185
1716 7186
8653 7187
1969 7188
9616 7189
3959 7190
20372 7191
10937 7192
16103 7193
1938 7194
2463 7195
18223 7196
24593 7197
1152 7198
8062 7199
49714 7200
32539 7201
2521 7202
16697 7203
18404 7204
3472 7205
15757 7206
23587 7207
22347 7208
35885 7209
5346 7210
44120 7211
22037 7212
1640 7213
41289 7214
14203 7215
12031 7216
23741 7217
35231 7218
22408 7219
52208 7220
3082 7221
25358 7222
2475 7223
37038 7224
5041 7225
7945 7226
5407 7227
21603 7228
38543 7229
19082 7230
53475 7231
7045 7232
8627 7233
38440 7234
3893 7235
54452 7236
37260 7237
36023 7238
11340 7239
22774 7240
34145 7241
29781 7242
8770 7243
22772 7244
14491 7245
6212 7246
24848 7247
21842 7248
9368 7249
27866 7250
26097 7251
32506 7252
22835 7253
54214 7254
28701 7255
47467 7256
49891 7257
28439 7258
25862 7259
34866 7260
3755 7261
2254 7262
8079 7263
1980 7264
9676 7265
10450 7266
4668 7267
22237 7268
15839 7269
14380 7270
11125 7271
21712 7272
31189 7273
9160 7274
14795 7275
3965 7276
25874 7277
28145 7278
13621 7279
38217 7280
6753 7281
7854 7282
35954 7283
631 7284
24572 7285
923 7286
2511 7287
15844 7288
43016 7289
42295 7290
3135 7291
39415 7292
49025 7293
8300 7294
18396 7295
9779 7296
7720 7297
47773 7298
8555 7299
10498 7300
8626 7301
52391 7302
2101 7303
49022 7304
10298 7305
22149 7306
9011 7307
24965 7308
27567 7309
9266 7310
13847 7311
21774 7312
24428 7313
57694 7314
30445 7315
8573 7316
9851 7317
16633 7318
34584 7319
40404 7320
4916 7321
9233 7322
18393 7323
28872 7324
14896 7325
46952 7326
32952 7327
4710 7328
1941 7329
19707 7330
11755 7331
47464 7332
38043 7333
31472 7334
7914 7335
33373 7336
33533 7337
7753 7338
21954 7339
5019 7340
1564 7341
381 7342
3463 7343
9180 7344
2964 7345
6570 7346
57098 7347
23310 7348
11990 7349
18644 7350
7679 7351
19040 7352
10006 7353
13345 7354
24877 7355
3753 7356
17465 7357
12504 7358
9622 7359
30757 7360
44869 7361
24816 7362
5678 7363
13278 7364
2097 7365
28674 7366
9581 7367
19532 7368
160 7369
278 7370
679 7371
1153 7372
1418 7373
1502 7374
1920 7375
2333 7376
2921 7377
3056 7378
3100 7379
3125 7380
3433 7381
6200 7382
6343 7383
6534 7384
6737 7385
6916 7386
7990 7387
8007 7388
9114 7389
11253 7390
11548 7391
11838 7392
12087 7393
12517 7394
12573 7395
13503 7396
13565 7397
13717 7398
13809 7399
15407 7400
15593 7401
17664 7402
18394 7403
18483 7404
18844 7405
21804 7406
24209 7407
24350 7408
25131 7409
26220 7410
27094 7411
27683 7412
28728 7413
32167 7414
37579 7415
38179 7416
41535 7417
43271 7418
47240 7419
48780 7420
51512 7421
355 7422
554 7423
1685 7424
1972 7425
1984 7426
2089 7427
2161 7428
2189 7429
2220 7430
2259 7431
2824 7432
3237 7433
3393 7434
4041 7435
4852 7436
4860 7437
5309 7438
5620 7439
6612 7440
7906 7441
8465 7442
8820 7443
8915 7444
10619 7445
10653 7446
11303 7447
11775 7448
11872 7449
12763 7450
13245 7451
13344 7452
13365 7453
13519 7454
13753 7455
16205 7456
17298 7457
17740 7458
18963 7459
20331 7460
21107 7461
23910 7462
24599 7463
24750 7464
24822 7465
26462 7466
27165 7467
27368 7468
29853 7469
31603 7470
33172 7471
34982 7472
35591 7473
35659 7474
35887 7475
35938 7476
37280 7477
37442 7478
41584 7479
43789 7480
44582 7481
47779 7482
50593 7483
222 7484
299 7485
834 7486
973 7487
1146 7488
1250 7489
2039 7490
2266 7491
2520 7492
3883 7493
4156 7494
5637 7495
6253 7496
7084 7497
7103 7498
7209 7499
7445 7500
7886 7501
8302 7502
9720 7503
10208 7504
10477 7505
10607 7506
11832 7507
11847 7508
12476 7509
13410 7510
13483 7511
16542 7512
19884 7513
20577 7514
20712 7515
23544 7516
24438 7517
24536 7518
25827 7519
25991 7520
29710 7521
37572 7522
38748 7523
39025 7524
48627 7525
53141 7526
53418 7527
186 7528
1568 7529
1892 7530
2299 7531
2993 7532
3123 7533
3131 7534
3328 7535
4111 7536
4539 7537
4979 7538
5411 7539
5687 7540
6205 7541
7193 7542
7386 7543
7438 7544
7594 7545
7717 7546
7734 7547
8117 7548
8766 7549
8889 7550
10216 7551
10343 7552
10659 7553
11453 7554
11635 7555
13203 7556
13893 7557
15307 7558
15328 7559
16719 7560
16803 7561
17055 7562
19413 7563
19632 7564
22648 7565
23366 7566
24247 7567
24806 7568
25094 7569
26629 7570
31701 7571
34461 7572
36338 7573
38491 7574
150 7575
237 7576
252 7577
537 7578
722 7579
950 7580
1815 7581
1873 7582
2248 7583
2250 7584
2275 7585
2347 7586
2901 7587
3089 7588
3120 7589
3229 7590
4549 7591
6590 7592
7116 7593
7157 7594
8113 7595
8170 7596
8565 7597
9459 7598
9612 7599
9975 7600
10076 7601
10346 7602
10398 7603
10513 7604
10696 7605
11333 7606
11577 7607
12516 7608
12861 7609
13448 7610
13518 7611
14620 7612
15659 7613
17558 7614
20711 7615
21665 7616
21674 7617
23049 7618
23222 7619
23542 7620
26114 7621
26634 7622
27690 7623
31434 7624
32470 7625
35952 7626
149 7627
832 7628
1503 7629
1536 7630
1634 7631
2027 7632
2134 7633
2304 7634
3025 7635
3333 7636
4163 7637
6306 7638
6596 7639
6902 7640
7321 7641
7371 7642
7495 7643
7639 7644
8259 7645
8821 7646
10126 7647
10162 7648
10729 7649
10950 7650
11122 7651
11258 7652
11294 7653
11796 7654
12631 7655
13422 7656
13766 7657
13830 7658
15116 7659
15292 7660
15562 7661
15866 7662
15882 7663
17302 7664
18949 7665
19369 7666
21251 7667
22175 7668
23337 7669
23882 7670
24862 7671
37296 7672
39803 7673
40851 7674
46759 7675
48739 7676
662 7677
1081 7678
1819 7679
1897 7680
2178 7681
2499 7682
2812 7683
2818 7684
2932 7685
3148 7686
4655 7687
4843 7688
4932 7689
5288 7690
6280 7691
6331 7692
7206 7693
7547 7694
7785 7695
8485 7696
8988 7697
9582 7698
10420 7699
10812 7700
11007 7701
11806 7702
12469 7703
13501 7704
13549 7705
14119 7706
15103 7707
16133 7708
17796 7709
18507 7710
19041 7711
19364 7712
21091 7713
22954 7714
25619 7715
25815 7716
27572 7717
29141 7718
30997 7719
33626 7720
36695 7721
41588 7722
170 7723
327 7724
1446 7725
1573 7726
1919 7727
2340 7728
2806 7729
2878 7730
2906 7731
3182 7732
6119 7733
6957 7734
7473 7735
7743 7736
9058 7737
9121 7738
9357 7739
10131 7740
10132 7741
10414 7742
10554 7743
10758 7744
11781 7745
11795 7746
12029 7747
12404 7748
12663 7749
13566 7750
13931 7751
15481 7752
16921 7753
18567 7754
20058 7755
22211 7756
23889 7757
27588 7758
29188 7759
30194 7760
30595 7761
30689 7762
30962 7763
32005 7764
33528 7765
33874 7766
35354 7767
38400 7768
45871 7769
56459 7770
146 7771
361 7772
736 7773
1075 7774
2722 7775
2983 7776
3188 7777
3220 7778
3675 7779
3843 7780
4543 7781
6209 7782
6649 7783
6793 7784
6909 7785
8569 7786
8939 7787
9663 7788
10186 7789
10344 7790
11673 7791
15333 7792
15427 7793
17052 7794
21075 7795
24062 7796
24856 7797
25579 7798
26185 7799
26901 7800
28551 7801
28668 7802
29044 7803
33374 7804
34359 7805
37293 7806
37936 7807
38503 7808
40700 7809
50965 7810
281 7811
282 7812
636 7813
1885 7814
1895 7815
2041 7816
2126 7817
2335 7818
2947 7819
3129 7820
3257 7821
3276 7822
3721 7823
5642 7824
5692 7825
6855 7826
6904 7827
6984 7828
7012 7829
7814 7830
8998 7831
9136 7832
10319 7833
11328 7834
12130 7835
13405 7836
13799 7837
16076 7838
16751 7839
18419 7840
18502 7841
19271 7842
20612 7843
21358 7844
21658 7845
21728 7846
24601 7847
26358 7848
28660 7849
29355 7850
29694 7851
29964 7852
30684 7853
37945 7854
51045 7855
51130 7856
223 7857
241 7858
539 7859
572 7860
922 7861
927 7862
1519 7863
1866 7864
2148 7865
2194 7866
2914 7867
3392 7868
3436 7869
3870 7870
4270 7871
4538 7872
4660 7873
5211 7874
6061 7875
6169 7876
6835 7877
7216 7878
7305 7879
7611 7880
9563 7881
9738 7882
10372 7883
10445 7884
11746 7885
13138 7886
13909 7887
14182 7888
14815 7889
15130 7890
15433 7891
15726 7892
17917 7893
20655 7894
21409 7895
21586 7896
22794 7897
25329 7898
25595 7899
26545 7900
26613 7901
32270 7902
36700 7903
37699 7904
53620 7905
55959 7906
236 7907
288 7908
836 7909
1930 7910
2353 7911
3146 7912
3313 7913
3323 7914
3767 7915
4028 7916
4615 7917
5881 7918
6938 7919
7641 7920
7711 7921
7735 7922
7761 7923
7807 7924
8009 7925
8887 7926
8894 7927
9580 7928
10958 7929
11611 7930
11938 7931
12417 7932
13012 7933
16780 7934
17162 7935
18842 7936
20609 7937
21590 7938
28433 7939
29298 7940
31923 7941
33745 7942
36101 7943
37938 7944
38992 7945
