org_id remap_id
103 0
135 1
233 2
823 3
192 4
538 5
1064 6
407 7
92 8
324 9
415 10
405 11
981 12
274 13
973 14
418 15
362 16
804 17
295 18
703 19
1035 20
600 21
208 22
260 23
499 24
933 25
927 26
177 27
550 28
676 29
152 30
114 31
1007 32
841 33
809 34
686 35
349 36
196 37
62 38
421 39
681 40
66 41
944 42
476 43
764 44
129 45
367 46
614 47
999 48
563 49
115 50
486 51
1067 52
898 53
700 54
625 55
1012 56
145 57
519 58
56 59
9 60
353 61
683 62
431 63
588 64
640 65
612 66
335 67
78 68
1072 69
290 70
629 71
1001 72
247 73
1049 74
166 75
51 76
160 77
252 78
257 79
736 80
548 81
394 82
1061 83
685 84
558 85
280 86
586 87
806 88
417 89
957 90
387 91
234 92
320 93
970 94
2 95
52 96
283 97
674 98
942 99
329 100
569 101
838 102
416 103
266 104
22 105
284 106
772 107
370 108
148 109
501 110
1075 111
122 112
888 113
513 114
466 115
460 116
555 117
801 118
420 119
1034 120
90 121
361 122
650 123
1042 124
3 125
388 126
491 127
368 128
949 129
401 130
1053 131
245 132
454 133
1015 134
638 135
18 136
978 137
197 138
68 139
1037 140
738 141
164 142
272 143
267 144
47 145
805 146
1040 147
392 148
1014 149
181 150
560 151
731 152
937 153
214 154
668 155
1023 156
822 157
1039 158
938 159
618 160
1056 161
286 162
709 163
176 164
340 165
12 166
1026 167
474 168
389 169
1013 170
169 171
1059 172
251 173
291 174
218 175
922 176
697 177
175 178
1030 179
701 180
601 181
606 182
1 183
1048 184
977 185
712 186
39 187
897 188
222 189
450 190
1077 191
1017 192
219 193
369 194
235 195
868 196
84 197
577 198
510 199
692 200
994 201
799 202
134 203
1083 204
619 205
372 206
1071 207
400 208
534 209
570 210
238 211
161 212
906 213
363 214
413 215
879 216
119 217
465 218
153 219
666 220
358 221
206 222
464 223
982 224
780 225
646 226
325 227
494 228
249 229
860 230
547 231
849 232
718 233
706 234
303 235
131 236
572 237
633 238
495 239
293 240
167 241
660 242
285 243
409 244
253 245
750 246
48 247
737 248
594 249
904 250
157 251
268 252
1008 253
25 254
1047 255
669 256
539 257
894 258
120 259
559 260
279 261
130 262
339 263
360 264
727 265
561 266
309 267
298 268
310 269
680 270
163 271
377 272
659 273
833 274
852 275
442 276
441 277
835 278
1022 279
15 280
227 281
406 282
574 283
783 284
319 285
702 286
715 287
826 288
985 289
500 290
733 291
800 292
884 293
265 294
1079 295
918 296
696 297
58 298
140 299
433 300
858 301
581 302
856 303
767 304
86 305
644 306
760 307
665 308
771 309
6 310
87 311
424 312
458 313
639 314
226 315
615 316
185 317
139 318
198 319
296 320
434 321
113 322
649 323
721 324
282 325
248 326
493 327
948 328
244 329
456 330
423 331
212 332
231 333
178 334
967 335
210 336
812 337
1028 338
939 339
384 340
613 341
785 342
490 343
960 344
866 345
223 346
671 347
747 348
808 349
962 350
337 351
449 352
865 353
820 354
313 355
756 356
440 357
530 358
824 359
297 360
255 361
578 362
1021 363
695 364
375 365
1027 366
55 367
33 368
986 369
532 370
399 371
345 372
462 373
1045 374
27 375
350 376
790 377
459 378
147 379
484 380
292 381
230 382
636 383
591 384
976 385
688 386
515 387
195 388
526 389
637 390
422 391
535 392
54 393
682 394
797 395
102 396
496 397
317 398
728 399
356 400
344 401
1051 402
171 403
124 404
304 405
414 406
323 407
913 408
1080 409
133 410
112 411
76 412
974 413
745 414
980 415
991 416
151 417
199 418
11 419
28 420
932 421
832 422
934 423
711 424
850 425
886 426
411 427
364 428
562 429
101 430
469 431
4 432
1076 433
989 434
480 435
1070 436
903 437
170 438
1066 439
427 440
857 441
505 442
81 443
10 444
632 445
837 446
1018 447
953 448
762 449
657 450
110 451
830 452
229 453
61 454
330 455
220 456
150 457
748 458
201 459
664 460
485 461
41 462
523 463
36 464
336 465
704 466
294 467
107 468
516 469
498 470
658 471
951 472
117 473
571 474
1002 475
328 476
475 477
79 478
312 479
463 480
746 481
1024 482
890 483
301 484
332 485
1065 486
566 487
536 488
63 489
278 490
609 491
352 492
814 493
127 494
38 495
99 496
926 497
675 498
263 499
341 500
64 501
587 502
998 503
